0.25 0.5 1.0 2.0 3.0 4.0 5.0 6.0 7.0 8.0 9.0 10.0 12.0 14.0 16.0 18.0 20.0 22.0 24.0 26.0 28.0 30.0 35.0 40.0 45.0 50.0 55.0 60.0 70.0 80.0 100.0 120.0 140.0 160.0 200.0
0.0 0.7775711
1.0 1.0
0.0 0.0
0.0 0.7775711
1.0 1.0
0.0 0.0
0.0 0.7775711 0.9447046
0.9999999999999223 1.0 1.0
0.0 0.0 0.0
0.0 0.7775711 1.263553 1.749535 1.889409
0.9299750762138983 0.9966839392024828 0.9999999999999243 1.0 1.0
0.0 0.0 0.0 0.0 0.0
0.0 0.7775711 1.263553 1.749535 2.235517 2.721499 2.834114
1.2531529271413473e-05 0.2021634707209055 0.7932605505043963 0.9995460127775927 0.9999999938606402 1.0 1.0
0.0 0.0 0.0 0.0 0.0 0.0 0.0
0.0 0.7775711 1.263553 1.749535 2.235517 2.721499 3.207481 3.693463 3.778818
2.0581901842888594e-06 0.011647517450009207 0.020159800195584103 0.49076202717755213 0.8573414584091187 0.9971833785470121 0.9999974299303083 1.0 1.0
0.0 0.0 0.0 0.0 0.0 0.0 0.0 0.0 0.0
0.0 0.7775711 1.263553 1.749535 2.235517 2.721499 3.207481 3.693463 4.179445 4.665427 4.723522
2.080830754934337e-06 8.248567653151777e-05 0.02973307132938971 0.25660935196653006 0.31183292601274004 0.6799334538354966 0.9175934603524388 0.9965754635332853 0.9999863012400529 1.0 1.0
0.0 0.0 0.0 0.0 0.0 0.0 0.0 0.0 0.0 0.0 0.0
0.0 0.1457946 0.242991 0.34018740000000003 0.6317766 1.117759 1.603741 2.089723 2.575705 3.061687 3.547669 4.033651 4.519633 5.005615 5.491596 5.668228
4.859489064066741e-14 1.4438368122483182e-13 2.6298520312118776e-09 1.633229504528645e-07 0.0009604979815358543 0.006598341127972294 0.13535594650817237 0.1682009172254103 0.4511264934915967 0.6046544696678455 0.7636392633039162 0.9274757222266603 0.9927969742258455 0.9998931500404084 1.0 1.0
1.0 0.9979658 0.03236244 0.02882333 0.04133593 0.04133593 0.04133593 0.04133593 0.04133593 0.04133593 0.04133593 0.04133593 0.04133593 0.04133593 0.04133593 0.0
0.0 0.1457946 0.242991 0.34018740000000003 0.4373838 0.5345802 0.6317766 0.728973 0.8261694 0.9233658 1.020562 1.117759 1.214955 1.312151 1.603741 2.089723 2.575705 3.061687 3.547669 4.033651 4.519633 5.005615 5.491596 5.977578 6.46356 6.612932
4.80314892804436e-14 1.3176862706218337e-13 1.9382119673908175e-09 1.0889233072261862e-07 1.4642448952381764e-06 1.0006068885893706e-05 4.627022754454287e-05 0.00016663425779197768 0.000494383368990691 0.001253627206659412 0.0028047638065203427 0.005674305708397635 0.01057615454376438 0.018426656506057557 0.1141609075543094 0.17640486648134698 0.40378780996304897 0.45964367687876606 0.6780320995833443 0.7825159588448789 0.8736473522753858 0.9616432500856655 0.9957998302230291 0.9999131701146234 1.0 1.0
1.0 0.9999896 0.03810932 0.03860343 0.0426976 0.04710951 0.05275734 0.05537969 0.05673682 0.05790773 0.05893404 0.05984013 0.05882772 0.05952514 0.04484394 0.04484394 0.04484394 0.04484394 0.04484394 0.04484394 0.04484394 0.04484394 0.04484394 0.04484394 0.04484394 0.0
0.0 0.1457946 0.242991 0.34018740000000003 0.4373838 0.5345802 0.6317766 0.728973 0.8261694 0.9233658 1.020562 1.117759 1.214955 1.312151 1.409348 1.506544 1.603741 1.700937 1.798133 1.89533 2.041124 2.381312 2.867294 3.353276 3.839258 4.32524 4.811222 5.297204 5.783186 6.269168 6.75515 7.241132 7.557636
4.254795826412229e-14 1.1295631959959185e-13 6.808110097474167e-08 1.6231664275701468e-06 8.171722684001208e-06 2.3944080620678285e-05 5.743013218574954e-05 0.00014849808013594633 0.0003914690467623819 0.0009457532124974168 0.0020868775397128625 0.004187521296762497 0.0077908598029581754 0.013537497670802017 0.022185421245534787 0.03458355590003391 0.051690490114806746 0.0744354500243626 0.10370167167512308 0.14026590208356637 0.19305323924374101 0.30288334760987645 0.37221435209414017 0.6219140655802554 0.6475005781180931 0.7670679143768478 0.8699384532097209 0.9107796937335861 0.9661269713506799 0.993794355609362 0.9997057987387461 1.0 1.0
1.0 0.9998545 0.0009172958 0.00225898 0.008278089 0.0256023 0.05683175 0.07220858 0.07494189 0.07711037 0.07740077 0.07854637 0.07886541 0.07961658 0.0763118 0.07419328 0.07539152 0.07657491 0.07775141 0.07888984 0.08113165 0.08171958 0.08171958 0.08171958 0.08171958 0.08171958 0.08171958 0.08171958 0.08171958 0.08171958 0.08171958 0.08171958 0.0
0.0 0.1457946 0.242991 0.34018740000000003 0.4373838 0.5345802 0.6317766 0.728973 0.8261694 0.9233658 1.020562 1.117759 1.214955 1.312151 1.409348 1.506544 1.603741 1.700937 1.798133 1.89533 2.041124 2.235518 2.42991 2.624303 2.818696 3.013089 3.353277 3.839258 4.32524 4.811222 5.297204 5.783186 6.269168 6.75515 7.241132 7.727114 8.213096 8.502341
3.472596226984952e-14 8.788724338951676e-14 1.0712612979498313e-06 5.69026216565458e-05 0.0004309943008817083 0.001866763171842603 0.003943384049810549 0.006045435097208329 0.008014876376188121 0.00989824901042247 0.01177612348305063 0.013946777405210612 0.016874819843899408 0.021086085904711237 0.027244467923359574 0.035983745964635216 0.04801147887276747 0.06397310769067736 0.08451192739681762 0.11015676925280711 0.1471608240994833 0.19608651014917247 0.2559208710824631 0.32536605878548175 0.4022310039428501 0.484171669375391 0.5994142200910573 0.6583733478712985 0.7919009929240031 0.8132523688938917 0.8803797027932848 0.9348841841335498 0.9575960989969976 0.9840787220557284 0.9971122507898521 0.9998518850894285 0.9999999999999999 0.9999999999999999
1.0 0.9869438 4.372618e-05 4.745614e-05 0.0001098844 0.0002143962 0.0007021835 0.002409592 0.007156104 0.01765285 0.03676706 0.05971543 0.07657132 0.08610013 0.09001365 0.09225304 0.09349405 0.09470221 0.09575105 0.09686803 0.09915224 0.101541 0.09880329 0.102365 0.105966 0.1095735 0.1058286 0.1058286 0.1058286 0.1058286 0.1058286 0.1058286 0.1058286 0.1058286 0.1058286 0.1058286 0.1058286 0.0
0.0 0.1457946 0.242991 0.34018740000000003 0.4373838 0.5345802 0.6317766 0.728973 0.8261694 0.9233658 1.020562 1.117759 1.214955 1.312151 1.409348 1.506544 1.603741 1.700937 1.798133 1.89533 2.041124 2.235518 2.42991 2.624303 2.818696 3.013089 3.207482 3.401875 3.596268 3.79066 4.130847 4.616829 5.102811 5.588793 6.074775 6.560757 7.046739 7.532721 8.018704 8.504685 8.990667 9.447045
2.7299393366077826e-14 7.503019871519562e-14 6.105099910453013e-06 0.0001234135961377597 0.0011571987628635422 0.005298000777962929 0.012923207274310382 0.02262608324169125 0.03408109706391173 0.04700151229269057 0.060686646318257986 0.07444276968633455 0.087829726087861 0.10073275979288364 0.11335293356348301 0.12613441125966454 0.13967368189653767 0.15467497973494912 0.17179418362027624 0.19150698548192294 0.21829776112025803 0.25309962836998806 0.29577365788833376 0.34523928508707913 0.3999693000031455 0.45827771940163736 0.5184569935268999 0.5792786223780663 0.639943225118591 0.6997809838328439 0.7597364575312915 0.8093675736526219 0.8714059637655077 0.8989033869310631 0.9250537570201807 0.9615747216689594 0.9758934200157667 0.9885441035883922 0.9971116250850711 0.9997397445092718 1.0 1.0
1.0 0.995723 6.541025e-06 1.908308e-05 3.331261e-05 6.178354e-05 0.0001577462 0.0004276138 0.0008898711 0.001868707 0.003678315 0.006897049 0.01230938 0.02073297 0.03250609 0.0468833 0.06197637 0.07548004 0.08637588 0.09513794 0.104113 0.109306 0.113114 0.1167364 0.1204959 0.1244523 0.1259816 0.1286928 0.1340465 0.1394563 0.1486898 0.9995191 0.9995191 0.9995191 0.9995191 0.9995191 0.9995191 0.9995191 0.9995191 0.9995191 0.9995191 0.0
0.0 0.1457946 0.242991 0.34018740000000003 0.4373838 0.5345802 0.6317766 0.728973 0.8261694 0.9233658 1.020562 1.117759 1.214955 1.312151 1.409348 1.506544 1.603741 1.700937 1.798133 1.89533 2.041124 2.235518 2.42991 2.624303 2.818696 3.013089 3.207482 3.401875 3.596268 3.79066 4.130847 4.616829 5.102811 5.588793 6.074775 6.560757 7.046739 7.532721 8.018704 8.504685 8.990667 9.476649 9.962631 10.44861 10.9346 11.33646
4.23066940354566e-06 8.661139335322759e-06 1.5069919247937716e-05 6.65349284699647e-05 0.0007507390235879175 0.003448753287223144 0.009472005978683315 0.01746721632302321 0.02879166347868056 0.04289702550669397 0.060841837063093165 0.08146689439909675 0.1050647961338809 0.13076094748963898 0.15864987404881872 0.1884064135028269 0.22018440276669016 0.2540195781344128 0.2900324368841847 0.3282633425193934 0.3708437775160944 0.4171719436324258 0.4659309133486979 0.5153960664046573 0.5636629857939214 0.6094704128850701 0.6523424569900177 0.6926938109865994 0.7312488823006881 0.7683634677399205 0.8029810448911165 0.8347567561442066 0.8634346337678328 0.8893461757880513 0.9170993946012743 0.9365249558729458 0.9575829040707633 0.9660112544343454 0.9762106015608382 0.9887643321446149 0.993511886938452 0.9968925095032001 0.9992128053767767 0.9999287416873796 1.0 1.0
1.0 0.9875064 1.635713e-05 3.504942e-05 3.708476e-05 6.958409e-05 0.0001465774 0.0003812374 0.0007446375 0.001402717 0.002193904 0.003576009 0.005156424 0.007672232 0.0108225 0.01479309 0.01937053 0.02452002 0.02992888 0.03572453 0.04729298 0.05938002 0.07180826 0.08505407 0.09696008 0.1138033 0.1317255 0.1483354 0.1621603 0.1740044 0.1956063 0.2174642 0.2371562 0.2623306 0.2817644 0.9995496 0.9995496 0.9995496 0.9995496 0.9995496 0.9995496 0.9995496 0.9995496 0.9995496 0.9995496 0.0
0.0 0.1457946 0.242991 0.34018740000000003 0.4373838 0.5345802 0.6317766 0.728973 0.8261694 0.9233658 1.020562 1.117759 1.214955 1.312151 1.409348 1.506544 1.603741 1.700937 1.798133 1.89533 2.041124 2.235518 2.42991 2.624303 2.818696 3.013089 3.207482 3.401875 3.596268 3.79066 4.130847 4.616829 5.102811 5.588793 6.074775 6.560757 7.046739 7.532721 8.018704 8.504685 8.990667 9.476649 9.962631 10.44861 10.9346 11.42058 11.90656 12.39254 12.87852 13.22586
8.939495043526043e-06 1.8722914704585138e-05 3.2139346248598395e-05 0.00011415944502292188 0.0008546084094834014 0.003501018095185734 0.00826039632689069 0.014441175175309682 0.02252951642105273 0.03292862244913011 0.046222796423715164 0.06261989205696657 0.08216073045110041 0.10464763833915787 0.130074346647916 0.1584507354935293 0.1896210830835676 0.22361104745064844 0.26033549595198546 0.299825525650152 0.34391787331326507 0.3920520114324451 0.4432064665340367 0.49594661169935067 0.5492032045829459 0.6016089912937161 0.6515851633232311 0.6984814728162966 0.7421998280500577 0.7823844928174487 0.8166871068151628 0.8446160763270207 0.8678771662798042 0.8883477808321298 0.9066167517318084 0.9227866850965579 0.9369170224294087 0.9494555779849865 0.9637351362870724 0.9734749987773681 0.9812866991355809 0.9843304039468025 0.9895662790393657 0.9955212033512679 0.9975581574334856 0.9987660179504619 0.9996814695955867 0.9999716458638812 1.0 1.0
1.0 0.1201429 1.234956e-05 2.648168e-05 3.135107e-05 5.182004e-05 0.0001364836 0.0003656386 0.000778806 0.001431645 0.002330262 0.003554976 0.005173759 0.007289852 0.009877396 0.01291873 0.01646039 0.02036203 0.02460414 0.02901146 0.03870104 0.04843814 0.05802837 0.06766815 0.07585558 0.08411127 0.0956246 0.1082031 0.1210931 0.1363803 0.168805 0.2133591 0.2646596 0.306583 0.342518 0.3773373 0.4098902 0.4446147 0.4590484 0.4590484 0.4590484 0.4590484 0.4590484 0.4590484 0.4590484 0.4590484 0.4590484 0.4590484 0.4590484 0.0
0.0 0.1457946 0.242991 0.34018740000000003 0.4373838 0.5345802 0.6317766 0.728973 0.8261694 0.9233658 1.020562 1.117759 1.214955 1.312151 1.409348 1.506544 1.603741 1.700937 1.798133 1.89533 2.041124 2.235518 2.42991 2.624303 2.818696 3.013089 3.207482 3.401875 3.596268 3.79066 4.130847 4.616829 5.102811 5.588793 6.074775 6.560757 7.046739 7.532721 8.018704 8.504685 8.990667 9.476649 9.962631 10.44861 10.9346 11.42058 11.90656 12.39254 12.87852 13.3645 13.85049 14.33647 14.82245 15.11527
2.00343846578211e-06 4.294815758966686e-06 7.831838516979215e-06 8.260892539878029e-05 0.0008315518208527173 0.0033712021347857115 0.007914271590071534 0.014107263232970048 0.022180101538626835 0.03248199585303519 0.045300179661928806 0.06084254759107229 0.07923253443250157 0.1005255336627522 0.12471201350708107 0.15168606643081062 0.18137392142515854 0.2136623373345349 0.248542618165763 0.28609015334857757 0.3286165069581013 0.3752579736275952 0.42495576787672307 0.47667487327316477 0.529803019430671 0.5827886237666892 0.6342735895468482 0.6831084030953352 0.7286069988615814 0.7696762663477396 0.8036582993948879 0.8321291742996932 0.8568276065867637 0.8782986804328439 0.8962908932219416 0.9113456067626114 0.9243861543636941 0.9358939051430397 0.9460027290844961 0.9548300269270559 0.9625459647638654 0.9695860500109819 0.9783001236068275 0.9847939120692617 0.9884474200714297 0.9900178717513988 0.9937316912973545 0.9975558291789715 0.9986986793084577 0.9993047530749025 0.9998217917074309 0.9999847437495708 1.0 1.0
1.0 0.0007368922 2.595176e-05 1.868928e-05 2.768396e-05 6.044615e-05 0.0001587046 0.0004012492 0.0008500596 0.001560048 0.002585782 0.003977855 0.005781435 0.00802948 0.01074384 0.01395327 0.01761233 0.02168879 0.02603267 0.03046253 0.03957477 0.04587962 0.0519005 0.06039813 0.06798753 0.07603067 0.08490314 0.09516794 0.1070188 0.1229435 0.1584402 0.1968515 0.2343999 0.2768151 0.334432 0.3981825 0.4545742 0.5029908 0.5455028 0.5856472 0.6219043 0.6562381 0.6425575 0.6425575 0.6425575 0.6425575 0.6425575 0.6425575 0.6425575 0.6425575 0.6425575 0.6425575 0.6425575 0.0
0.0 0.1457946 0.242991 0.34018740000000003 0.4373838 0.5345802 0.6317766 0.728973 0.8261694 0.9233658 1.020562 1.117759 1.214955 1.312151 1.409348 1.506544 1.603741 1.700937 1.798133 1.89533 2.041124 2.235518 2.42991 2.624303 2.818696 3.013089 3.207482 3.401875 3.596268 3.79066 4.130847 4.616829 5.102811 5.588793 6.074775 6.560757 7.046739 7.532721 8.018704 8.504685 8.990667 9.476649 9.962631 10.44861 10.9346 11.42058 11.90656 12.39254 12.87852 13.3645 13.85049 14.33647 14.82245 15.30843 15.79442 16.2804 16.76638 17.00468
1.4103044299678636e-07 3.098866001363641e-07 1.1536200844578987e-06 6.586668685269956e-05 0.0005579886823580919 0.002436905979914281 0.005666647956701209 0.01021896397986861 0.016174003295420306 0.02386564761476151 0.03348258668879822 0.045331314355893944 0.05971110058300484 0.07681145607310146 0.09673679883414463 0.11951748128829799 0.14530487787457141 0.17415186652084974 0.20606255198745566 0.24126794106365848 0.28271423814005653 0.3297076120319878 0.38130804728753787 0.4357708687414187 0.491949150615822 0.5477620834834824 0.6020856471427132 0.6533216455604809 0.7013776202774192 0.7449017622319607 0.7798981125880284 0.8089061750699309 0.8339309021206499 0.855656448332457 0.8742309828839868 0.8900882446498023 0.9039080022097564 0.9160427911304984 0.9266929414523924 0.9360586261200374 0.9444249334068548 0.9519868090225388 0.9587239470725055 0.964711583759385 0.9700890604933152 0.9751921213306627 0.9822906429861963 0.9879619217409246 0.9903782112023184 0.991678336010438 0.9950998285717542 0.9982005949251189 0.9990288663854177 0.9994766402463406 0.9998722322149719 0.9999897003201955 1.0 1.0
0.01548623 8.276192e-05 3.365447e-05 1.891376e-05 3.834688e-05 7.49615e-05 0.0002060035 0.0005063853 0.001053942 0.001922322 0.003189025 0.004854862 0.006704647 0.009127894 0.01198448 0.01527877 0.01884984 0.02270119 0.02675926 0.03071786 0.03867266 0.04652679 0.05387501 0.06129233 0.06816506 0.07597747 0.0841644 0.09434746 0.1048786 0.1195801 0.1519617 0.1937912 0.2349481 0.2802691 0.3356603 0.3966306 0.4535463 0.5081227 0.5648682 0.6210771 0.6715494 0.7130221 0.7482467 0.7792063 0.8055636 0.8276474 0.7974394 0.7974394 0.7974394 0.7974394 0.7974394 0.7974394 0.7974394 0.7974394 0.7974394 0.7974394 0.7974394 0.0
0.0 0.1457946 0.242991 0.34018740000000003 0.4373838 0.5345802 0.6317766 0.728973 0.8261694 0.9233658 1.020562 1.117759 1.214955 1.312151 1.409348 1.506544 1.603741 1.700937 1.798133 1.89533 2.041124 2.235518 2.42991 2.624303 2.818696 3.013089 3.207482 3.401875 3.596268 3.79066 4.130847 4.616829 5.102811 5.588793 6.074775 6.560757 7.046739 7.532721 8.018704 8.504685 8.990667 9.476649 9.962631 10.44861 10.9346 11.42058 11.90656 12.39254 12.87852 13.3645 13.85049 14.33647 14.82245 15.30843 15.79442 16.2804 16.76638 17.25236 17.73834 18.22433 18.71031 18.89409
5.176208453281596e-09 1.1810440236255092e-08 9.456478234678674e-07 5.363608930726601e-05 0.0004939499464511034 0.0020472400975113936 0.004794170839118909 0.008608274400947125 0.01343658686359345 0.019599947301929974 0.027253920068870185 0.03671189835439967 0.04814395497716367 0.06173249372836862 0.07780411411737895 0.09644514926293345 0.11776022485748436 0.14200064699173917 0.1692511448880938 0.19985642305530812 0.23681606668601243 0.280023049680177 0.3282214668319913 0.38038118173441243 0.43515301853159133 0.4904920909404596 0.5452782268813051 0.598533538909304 0.6491992107760288 0.6964945255480897 0.737087374980897 0.7712499049437416 0.8001549714334955 0.8243657894471171 0.8444313427996084 0.8614234338628373 0.8762758021551735 0.8893536711846921 0.9009419962436793 0.9113045176972024 0.9206517374256196 0.929135748297726 0.9368546544003359 0.9439219055742554 0.9504733029072922 0.9565426967676853 0.9620176648956753 0.9669400146164429 0.9714571711885784 0.9758441946794738 0.9828495898239272 0.9885653925024338 0.9906299058553422 0.9920611446598023 0.9956099991066139 0.9984166219768588 0.999117801690607 0.999541931689958 0.9998964104517698 0.9999922495107317 0.9999999999999999 0.9999999999999999
0.0001216997 5.699286e-05 2.100294e-05 2.076195e-05 3.866723e-05 8.246401e-05 0.0002219845 0.0005580386 0.001232238 0.002287379 0.003841605 0.005862 0.008426419 0.01151326 0.01493845 0.01882788 0.0230776 0.02741308 0.03187961 0.0360322 0.04449522 0.05215025 0.05967377 0.06599437 0.07241325 0.07863169 0.08605416 0.09396913 0.1033687 0.1146974 0.1422269 0.1771535 0.2177981 0.268597 0.3280218 0.3944284 0.4540801 0.5136839 0.5727635 0.6280956 0.678838 0.7241946 0.7677077 0.806643 0.8390535 0.8639647 0.8841692 0.9010012 0.9147002 0.9256439 0.8948517 0.8948517 0.8948517 0.8948517 0.8948517 0.8948517 0.8948517 0.8948517 0.8948517 0.8948517 0.8948517 0.0
0.0 0.1457946 0.242991 0.34018740000000003 0.4373838 0.5345802 0.6317766 0.728973 0.8261694 0.9233658 1.020562 1.117759 1.214955 1.312151 1.409348 1.506544 1.603741 1.700937 1.798133 1.89533 2.041124 2.235518 2.42991 2.624303 2.818696 3.013089 3.207482 3.401875 3.596268 3.79066 4.130847 4.616829 5.102811 5.588793 6.074775 6.560757 7.046739 7.532721 8.018704 8.504685 8.990667 9.476649 9.962631 10.44861 10.9346 11.42058 11.90656 12.39254 12.87852 13.3645 13.85049 14.33647 14.82245 15.30843 15.79442 16.2804 16.76638 17.25236 17.73834 18.22433 18.71031 19.19629 19.68227 20.16825 20.65424 20.7835
5.480827554086006e-08 1.1213567564511918e-07 1.4176946139477765e-06 4.8313648508444316e-05 0.0005820964560959473 0.002293173231361188 0.005299280642475413 0.009256295065195486 0.01411094556537126 0.02010294703556961 0.027336217315880453 0.0359584894819545 0.04617947310925436 0.058270880139707215 0.07241041735127032 0.08870938607633637 0.10743171814252207 0.1286617560819866 0.1527247328151165 0.17991162231786512 0.21312020820808422 0.25218373967226115 0.29655775241228943 0.344921638846154 0.3960889243563279 0.44848151320376806 0.5009608128191235 0.552479568657715 0.6020486974026593 0.6490753928560709 0.6907180307771301 0.7270161009222561 0.7586196897546491 0.7860269458937629 0.8094648808316278 0.8293703478430727 0.8463083177336314 0.8607898465824426 0.8732822614552603 0.8843770522247563 0.8944155150026285 0.903596710925655 0.9120679160919556 0.9199361092288538 0.9272898462588223 0.9341613311644428 0.9405763788650859 0.9465868088882797 0.9522678816970215 0.9575644582100231 0.9623340706524901 0.9666255064054418 0.9706324434678266 0.9756031921274303 0.9828242159847352 0.9886452589992524 0.9905697666990786 0.9922549633135269 0.9959646264329955 0.9985319431569954 0.9991559462624519 0.9995875957415769 0.9999146856002183 0.9999941223779938 0.9999999999999999 0.9999999999999999
0.0002888885 4.163577e-05 1.411998e-05 2.085201e-05 2.854927e-05 6.737929e-05 0.0001836101 0.0004896031 0.001121784 0.002165537 0.003761056 0.005979633 0.00880758 0.01215053 0.01601948 0.02040887 0.02501696 0.02993577 0.03468576 0.03912173 0.04808442 0.05645778 0.06394375 0.07121912 0.07803532 0.08519423 0.0924952 0.1003824 0.1094322 0.1197604 0.1444862 0.1736965 0.207107 0.2473368 0.2967963 0.3548564 0.4191801 0.4886963 0.5588299 0.6215965 0.6763129 0.726198 0.7711996 0.8102437 0.8428617 0.8702012 0.8943768 0.9147258 0.9304337 0.9422434 0.9515955 0.9591634 0.9652048 0.9699129 0.9999996 0.9999996 0.9999996 0.9999996 0.9999996 0.9999996 0.9999996 0.9999996 0.9999996 0.9999996 0.9999996 0.0
0.0 0.1457946 0.242991 0.34018740000000003 0.4373838 0.5345802 0.6317766 0.728973 0.8261694 0.9233658 1.020562 1.117759 1.214955 1.312151 1.409348 1.506544 1.603741 1.700937 1.798133 1.89533 2.041124 2.235518 2.42991 2.624303 2.818696 3.013089 3.207482 3.401875 3.596268 3.79066 4.130847 4.616829 5.102811 5.588793 6.074775 6.560757 7.046739 7.532721 8.018704 8.504685 8.990667 9.476649 9.962631 10.44861 10.9346 11.42058 11.90656 12.39254 12.87852 13.3645 13.85049 14.33647 14.82245 15.30843 15.79442 16.2804 16.76638 17.25236 17.73834 18.22433 18.71031 19.19629 19.68227 20.16825 20.65424 21.14022 21.6262 22.11218 22.59816 22.67291
2.0668422705073453e-06 4.196535338052964e-06 7.699806358856594e-06 7.392148575547814e-05 0.000744890575947072 0.003220041889321883 0.007376254851995218 0.012746567715010286 0.019178771745166266 0.026725898864691598 0.03540363163104686 0.04536850155250638 0.056717606391078625 0.06960895386802221 0.08416780447791639 0.10049218523237725 0.11887383639825409 0.13934394076934256 0.16221779332564762 0.18779937631540025 0.2185987664279723 0.254536759837629 0.29515149596406665 0.33951807738135165 0.38654801756331936 0.43483529715901725 0.4833685044277751 0.531193658783471 0.577640788902976 0.6220178978949299 0.6619995092095797 0.6974610563488888 0.7288672523365766 0.756596995759495 0.7808098028991836 0.8017538598581283 0.8199534574988173 0.835769035864472 0.8495584383926069 0.8616590679700316 0.872367549305362 0.881968568014154 0.8907068460975083 0.898826064561712 0.906463875856555 0.9136903765734846 0.9205544023081784 0.9270784403130083 0.9332715272463425 0.9391225003502363 0.9446279308112635 0.9498307199665317 0.9547842879058266 0.959391304554738 0.9635146820708325 0.9672224526999099 0.9707566565581274 0.9757764423539567 0.9832331176105662 0.9888973321279674 0.9906904080539413 0.9926296625889216 0.9963707509333615 0.998648671075979 0.999205279534236 0.999638587155947 0.9999319865450387 0.999995711013148 1.0 1.0
5.962421e-06 4.019982e-05 1.183458e-05 1.33173e-05 1.983773e-05 4.065272e-05 0.0001163071 0.000317299 0.0007475718 0.001524612 0.002791825 0.004626293 0.007122396 0.01027021 0.01407191 0.01849722 0.02320973 0.02837464 0.03345615 0.03822697 0.04794127 0.0571602 0.06555261 0.07338739 0.08083169 0.08861909 0.09653387 0.1050266 0.1141219 0.124646 0.1489878 0.1776737 0.2097448 0.2461401 0.2891342 0.3389646 0.3917632 0.4499741 0.5124424 0.5763986 0.6414669 0.7038485 0.7593188 0.8038108 0.8394104 0.8697836 0.8949187 0.9155788 0.9315501 0.9447641 0.9559841 0.9648395 0.9715776 0.9766241 0.9805849 0.9837064 0.986195 0.9880778 0.9999999 0.9999999 0.9999999 0.9999999 0.9999999 0.9999999 0.9999999 0.9999999 0.9999999 0.9999999 0.9999999 0.0
0.0 0.1457946 0.242991 0.34018740000000003 0.4373838 0.5345802 0.6317766 0.728973 0.8261694 0.9233658 1.020562 1.117759 1.214955 1.312151 1.409348 1.506544 1.603741 1.700937 1.798133 1.89533 2.041124 2.235518 2.42991 2.624303 2.818696 3.013089 3.207482 3.401875 3.596268 3.79066 4.130847 4.616829 5.102811 5.588793 6.074775 6.560757 7.046739 7.532721 8.018704 8.504685 8.990667 9.476649 9.962631 10.44861 10.9346 11.42058 11.90656 12.39254 12.87852 13.3645 13.85049 14.33647 14.82245 15.30843 15.79442 16.2804 16.76638 17.25236 17.73834 18.22433 18.71031 19.19629 19.68227 20.16825 20.65424 21.14022 21.6262 22.11218 22.59816 23.08414 23.57013 24.05611 24.54209 24.56232
3.535733687335192e-06 7.246127038887986e-06 1.165348330234226e-05 9.026797162098887e-05 0.0008818049317329135 0.003702057843288931 0.008534265434725265 0.014771840954208543 0.022342324601301613 0.031205442638584557 0.04135908715528068 0.05283158706107523 0.06568490376117019 0.08003802984787675 0.09597969748725138 0.11366873790331397 0.13315626425752028 0.15466249589791856 0.17821220445101446 0.20426101909405264 0.2347699847867767 0.2698792232076236 0.308969855280437 0.3513026716806777 0.3957471619340444 0.4411555583329595 0.48646890765319833 0.531000948231433 0.5741277737566003 0.6152362673633143 0.6522588537502628 0.6853322972261381 0.7148954959776266 0.7412157078080448 0.7645353542163276 0.7849432467459245 0.8029161965784686 0.8186639305465795 0.8325579583699653 0.8448250230424393 0.8557784859332876 0.8656377226382672 0.8746195510371297 0.88288049158978 0.8905415213233608 0.8977325163527711 0.9045261540313035 0.9110168728776193 0.9172386581756498 0.9232120892495748 0.9289442571465257 0.9344334155638511 0.9396635449676284 0.9446167354660145 0.9492914200904681 0.9537284135206447 0.9579718936857518 0.961900624847142 0.9653962259124231 0.9685497074728285 0.9716705737443123 0.9762808627235038 0.9842065954842993 0.9894427046517026 0.9910908068844119 0.9932287511268245 0.9968390054869183 0.9987843005018864 0.9992766861160584 0.9996957390724575 0.9999480786296857 0.9999970144986432 1.0 1.0
0.00026085 9.156568e-06 2.675786e-05 9.796574e-06 1.433989e-05 3.042432e-05 8.564146e-05 0.0002347515 0.0005478882 0.001123119 0.002069097 0.003494006 0.005482959 0.008068258 0.01127107 0.01500954 0.01929758 0.02387367 0.02879661 0.03335101 0.04315373 0.0524872 0.06142668 0.06980156 0.07810231 0.08652458 0.09547237 0.1047137 0.1146548 0.1262024 0.1521771 0.1819531 0.2144303 0.2507481 0.2911131 0.3379503 0.3861316 0.4393261 0.4937291 0.5518008 0.6088646 0.6663004 0.7209232 0.7706397 0.8169134 0.8550223 0.8876346 0.9105787 0.9289833 0.9435835 0.9554096 0.9646723 0.9717141 0.9775244 0.9820956 0.9858713 0.9885764 0.9906464 0.9922537 0.9935258 0.9945285 0.9943929 0.9943929 0.9943929 0.9943929 0.9943929 0.9943929 0.9943929 0.9943929 0.9943929 0.9943929 0.9943929 0.9943929 0.0
0.0 0.1457946 0.242991 0.34018740000000003 0.4373838 0.5345802 0.6317766 0.728973 0.8261694 0.9233658 1.020562 1.117759 1.214955 1.312151 1.409348 1.506544 1.603741 1.700937 1.798133 1.89533 2.041124 2.235518 2.42991 2.624303 2.818696 3.013089 3.207482 3.401875 3.596268 3.79066 4.130847 4.616829 5.102811 5.588793 6.074775 6.560757 7.046739 7.532721 8.018704 8.504685 8.990667 9.476649 9.962631 10.44861 10.9346 11.42058 11.90656 12.39254 12.87852 13.3645 13.85049 14.33647 14.82245 15.30843 15.79442 16.2804 16.76638 17.25236 17.73834 18.22433 18.71031 19.19629 19.92526 20.65424 21.14022 21.6262 22.11218 22.59816 23.08414 23.57013 24.05611 24.54209 25.02807 25.51406 26.00004 26.45173
2.8264720617636546e-06 5.8441975512030355e-06 1.039264525460602e-05 6.040917171006058e-05 0.0008862864160714229 0.0035658775646972957 0.00846302281102115 0.014829707309715749 0.02256310176222872 0.031713301889590956 0.042250723071407564 0.05420750535154869 0.06772302529472077 0.08279690606428229 0.09950261608514663 0.1180655949340616 0.13845076736300407 0.16076261427486926 0.18523367920590472 0.21196100347937213 0.24305317652284752 0.2783931228463076 0.31738923836294236 0.3593444341666813 0.40300887854329986 0.4473120021465547 0.491445195976778 0.5345588994899004 0.5761386129088086 0.6156296503614157 0.6509317658189115 0.6822331420791509 0.710047513469819 0.734819435354521 0.7567538685937676 0.776188367553229 0.7933870741103504 0.8086314852363408 0.8221619314433601 0.8342283584659999 0.8450429135572852 0.854826926419343 0.8637619174959671 0.8719957775047333 0.8796644620402119 0.8868573314350572 0.8936557235231105 0.900106204125925 0.906257853272021 0.9121462643598038 0.917804952298078 0.9232624624624378 0.9285324492930656 0.933620553563439 0.9385261216975078 0.9432407249194548 0.9477416617656647 0.9520112974589295 0.956050179589994 0.9599015442753991 0.9636051772211867 0.9669729280139009 0.9696922680681156 0.9723616071992669 0.9772423188351773 0.9852106621015637 0.9899762825278915 0.9915121762359526 0.9938292961680066 0.9972596872202635 0.9989047166469534 0.9993489970375717 0.9997491018696781 0.9999629908145563 0.9999999999999999 0.9999999999999999
0.000158345 2.896008e-05 1.068637e-05 1.424907e-05 1.212632e-05 2.748003e-05 7.205399e-05 0.0001967335 0.0004600898 0.0009373131 0.001727716 0.002917283 0.00454527 0.006695866 0.009386278 0.01250595 0.0161765 0.02025239 0.0244587 0.02871168 0.03747502 0.04639798 0.0552052 0.06353468 0.07209822 0.08095242 0.08999358 0.09981535 0.110203 0.1222241 0.1494779 0.181532 0.2162195 0.2538742 0.2962998 0.3415682 0.3897939 0.4399392 0.4919133 0.5448875 0.5989564 0.6517394 0.702434 0.7498989 0.7928251 0.8318379 0.8654676 0.8939496 0.9174737 0.9368745 0.951569 0.9622197 0.9703562 0.9767594 0.9817285 0.9856591 0.9885899 0.9909505 0.992867 0.9943423 0.9954377 0.9962689 0.9974226 0.9975404 0.9977227 0.9977227 0.9977227 0.9977227 0.9977227 0.9977227 0.9977227 0.9977227 0.9977227 0.9977227 0.9977227 0.0
0.0 0.1457946 0.242991 0.34018740000000003 0.4373838 0.5345802 0.6317766 0.728973 0.8261694 0.9233658 1.020562 1.117759 1.214955 1.312151 1.409348 1.506544 1.603741 1.700937 1.798133 1.89533 2.041124 2.235518 2.42991 2.624303 2.818696 3.013089 3.207482 3.401875 3.596268 3.79066 4.130847 4.616829 5.102811 5.588793 6.074775 6.560757 7.046739 7.532721 8.018704 8.504685 8.990667 9.476649 9.962631 10.44861 10.9346 11.42058 11.90656 12.39254 12.87852 13.3645 13.85049 14.33647 14.82245 15.30843 15.79442 16.2804 16.76638 17.25236 17.73834 18.22433 18.71031 19.19629 19.92526 20.89723 21.86919 22.59816 23.08414 23.57013 24.05611 24.54209 25.02807 25.51406 26.00004 26.48602 26.972 27.45798 27.94397 28.34114
1.1949444823215945e-06 2.504264473564049e-06 5.96147745777102e-06 6.417701173685806e-05 0.0009507595451851455 0.0032608391726056682 0.007893361575989978 0.013985578584838041 0.021491332458540374 0.030301452126852042 0.04054126714621043 0.05221753703084317 0.06548983874818846 0.08041248375875046 0.09706121496655629 0.1156408673999283 0.13608535034791894 0.15860159312642308 0.18335402561106617 0.210441374245878 0.24191517990012798 0.2776470624477141 0.3170258056990889 0.35922724940256706 0.40314127219112156 0.44745809529643144 0.49149536229106666 0.5344473235879195 0.5758153719167041 0.6149980028623915 0.6498165019537451 0.6803585432779042 0.7073205385237031 0.7312457929567875 0.7523477153745176 0.7710005636054096 0.787542170365392 0.8022441138104892 0.8153520214010723 0.8271173446831518 0.8377540703940438 0.8474383391411628 0.8563201799663851 0.8645402199605504 0.8722064772930638 0.8794066707371435 0.8862095542940497 0.8926743042487616 0.8988455649733442 0.9047603216459095 0.9104402321194476 0.9159012016590362 0.9211639795007246 0.9262473576302983 0.9311698420426372 0.9359465991929783 0.9405858662152305 0.9450896539829522 0.9494527818900428 0.9536626663366357 0.957691417251246 0.9615193995707295 0.9649947253123202 0.9680219658646241 0.9704468371773153 0.9729392514985238 0.9781027726213772 0.9860348763755059 0.990366872980843 0.991847004913524 0.994347111496384 0.9975986195632626 0.9989950511928625 0.9994090525221981 0.9997909472016275 0.9999720521345196 0.9999999999999999 0.9999999999999999
9.879452e-05 1.274842e-05 7.798238e-06 1.068249e-05 9.917051e-06 2.833628e-05 6.759533e-05 0.000182223 0.0004196519 0.0008615752 0.001572824 0.002645614 0.004109714 0.006028945 0.008415014 0.01118306 0.01445146 0.01799754 0.02169031 0.0254844 0.03337561 0.04151545 0.04964967 0.05763812 0.0657789 0.0745903 0.08356187 0.09328286 0.1037185 0.1158758 0.14365 0.1776354 0.2143226 0.2536278 0.2976077 0.3446653 0.3933429 0.4438317 0.4957595 0.5480757 0.5999925 0.6503508 0.6983004 0.743131 0.7842342 0.8212188 0.8538 0.881796 0.9055918 0.9253601 0.941927 0.9550562 0.9656191 0.9739293 0.9801341 0.9845819 0.9879701 0.9906139 0.9926749 0.9942519 0.9954492 0.9964248 0.9977434 0.9985096 0.9989721 0.9989899 0.9990198 0.9990198 0.9990198 0.9990198 0.9990198 0.9990198 0.9990198 0.9990198 0.9990198 0.9990198 0.9990198 0.0
0.0 0.1457946 0.242991 0.34018740000000003 0.4373838 0.5345802 0.6317766 0.728973 0.8261694 0.9233658 1.020562 1.117759 1.214955 1.312151 1.409348 1.506544 1.603741 1.700937 1.798133 1.89533 2.041124 2.235518 2.42991 2.624303 2.818696 3.013089 3.207482 3.401875 3.596268 3.79066 4.130847 4.616829 5.102811 5.588793 6.074775 6.560757 7.046739 7.532721 8.018704 8.504685 8.990667 9.476649 9.962631 10.44861 10.9346 11.42058 11.90656 12.39254 12.87852 13.3645 13.85049 14.33647 14.82245 15.30843 15.79442 16.2804 16.76638 17.25236 17.73834 18.22433 18.71031 19.19629 19.92526 20.89723 21.86919 22.84115 23.81312 24.78508 25.75705 26.72901 27.45798 27.94397 28.42995 28.91593 29.40191 29.88789 30.37387 30.85986 31.34584 31.83182 32.3178 32.80378 33.06466
1.6108290613320987e-08 6.899238225812507e-08 1.209239209434148e-06 9.10115977112723e-05 0.0008250026761783053 0.0029878325955331668 0.007027293445264713 0.012482352526272276 0.019002611599337752 0.026780408930571258 0.035808890741695625 0.04619523545844431 0.05803084246054005 0.07150602239884589 0.08669377882387237 0.10370797157666477 0.12273555806494187 0.14391218167469844 0.167232906557381 0.19318671391022982 0.22364411483818963 0.25857757514101215 0.29729860192211577 0.3391245438225087 0.38293146895315416 0.4274270624772187 0.4716867381097857 0.5150699323941323 0.5569773236303384 0.596687995881102 0.6320596968580346 0.662996564547547 0.6901710119484882 0.71400608672304 0.7349054033925078 0.7532027130675277 0.7693676014109291 0.7836593963387772 0.7963762325053211 0.8078003213606817 0.8181438981249163 0.8276157256877976 0.836347185369268 0.8444910753711837 0.8521472283230818 0.8593925243752575 0.8663011579496182 0.8729192408402061 0.8792798792718591 0.8854120991679438 0.891344863774385 0.8970711626193008 0.9026018263646598 0.9079518443207043 0.9131264594554535 0.9181355497337584 0.9229870407181539 0.9276922895611207 0.9322606383353818 0.9367031558771851 0.9410205097012878 0.9452208980170965 0.9492293241314468 0.9530990231296583 0.9568474162067211 0.960414279742538 0.9636693386740169 0.9666374662306086 0.9691154997519782 0.9711283829796982 0.9737163314239167 0.9799315487886308 0.9875708916505981 0.9909380867934687 0.9924921015741587 0.9954234804063739 0.9982056063862366 0.9991471259222574 0.999534470006407 0.9998689842148991 0.9999864057015831 0.9999999999999999 0.9999999999999999
5.861353e-06 1.352628e-05 2.640121e-05 7.960832e-06 1.140097e-05 2.616363e-05 6.460102e-05 0.0001672475 0.0003938668 0.0007958657 0.001453931 0.002421897 0.003761779 0.005459159 0.007571934 0.01006499 0.01283681 0.01585456 0.01898942 0.02207342 0.02860216 0.03541793 0.0425387 0.04952364 0.05677495 0.06462274 0.07299583 0.0819189 0.09167036 0.1031883 0.1288775 0.161991 0.1985428 0.239413 0.2848705 0.3344184 0.3852944 0.4392312 0.4939111 0.5482367 0.6019949 0.6528513 0.700431 0.7436739 0.7828217 0.8180246 0.8483297 0.8747123 0.8973101 0.916502 0.932289 0.9454039 0.956266 0.9650288 0.9722748 0.9781278 0.9828898 0.9866114 0.9896196 0.9919956 0.9938651 0.995365 0.9972835 0.9983926 0.9990257 0.999402 0.9996256 0.9997626 0.9998428 0.9998913 0.9998844 0.9998699 0.9998699 0.9998699 0.9998699 0.9998699 0.9998699 0.9998699 0.9998699 0.9998699 0.9998699 0.9998699 0.0
0.0 0.1457946 0.242991 0.34018740000000003 0.4373838 0.5345802 0.6317766 0.728973 0.8261694 0.9233658 1.020562 1.117759 1.214955 1.312151 1.409348 1.506544 1.603741 1.700937 1.798133 1.89533 2.041124 2.235518 2.42991 2.624303 2.818696 3.013089 3.207482 3.401875 3.596268 3.79066 4.130847 4.616829 5.102811 5.588793 6.074775 6.560757 7.046739 7.532721 8.018704 8.504685 8.990667 9.476649 9.962631 10.44861 10.9346 11.42058 11.90656 12.39254 12.87852 13.3645 13.85049 14.33647 14.82245 15.30843 15.79442 16.2804 16.76638 17.25236 17.73834 18.22433 18.71031 19.19629 19.92526 20.89723 21.86919 22.84115 23.81312 24.78508 25.75705 26.72901 27.70097 28.67294 29.6449 30.61687 31.58883 32.3178 32.80378 33.28977 33.77575 34.26173 34.74771 35.2337 35.71968 36.20566 36.69164 37.17762 37.6636 37.78818
1.1750325043465603e-06 2.517154653086327e-06 8.202847581192579e-06 4.14147315525186e-05 0.000911268194560382 0.003085210995626102 0.006698187152998761 0.01180703951021854 0.018162814062340348 0.0255620504717131 0.0341185942821974 0.04394101052270007 0.05508379135591092 0.0677647580236729 0.08200233991626511 0.09804958245499573 0.11601168646972845 0.13605540747797973 0.1582313460470516 0.18292683712091343 0.21210970783703587 0.2458943900991907 0.28347802943466127 0.3241921427872344 0.36683541300492767 0.410584315609219 0.45426901344111953 0.4970672923235847 0.538553697366915 0.5779863031170912 0.6133875043118675 0.6445352277811072 0.6719156019244187 0.6960779542574177 0.7172505753307513 0.7358210621486843 0.7521272333623563 0.7665337327699028 0.7792916730979524 0.7907035177880322 0.800977899592875 0.8103483961295893 0.818985805195749 0.8270124598130344 0.8345528844823467 0.841684632672377 0.8484927986368191 0.8550221553771545 0.8613222093589514 0.8674210567216385 0.8733497319557068 0.879117544753153 0.8847352559648599 0.8902122866584501 0.8955630501501741 0.9007964892476152 0.9059225917237845 0.9109436178487305 0.9158677635581938 0.9206984913238287 0.9254316900747499 0.9300525042679577 0.934452159226309 0.9386141353239279 0.9425409810971878 0.9462547882289971 0.9497681749225828 0.9531346637175415 0.956408714019026 0.9596031402479096 0.9626448652529228 0.9654111082168558 0.9679534524331183 0.9699920577979163 0.9717536310349862 0.974964177247795 0.982090949567965 0.9888583520534465 0.9913862000768896 0.9932297847558522 0.9963983017384731 0.9986188411531014 0.9992665176045802 0.9996500575878957 0.9999229881444244 0.999993854489526 1.0 1.0
0.0001246346 1.723546e-05 1.623617e-05 3.384039e-05 1.107296e-05 2.691714e-05 7.043035e-05 0.0001667028 0.0003719157 0.0007581062 0.001381693 0.00230896 0.003581297 0.005195809 0.007223302 0.00951987 0.01212872 0.01490084 0.0176526 0.02067652 0.0265651 0.03264145 0.03933436 0.04594947 0.0530706 0.06034521 0.06846106 0.07735441 0.08677591 0.09769024 0.1217838 0.1533845 0.1886561 0.2268061 0.2703299 0.3179606 0.3686365 0.4220073 0.4776876 0.5336174 0.589299 0.6428847 0.692167 0.7382191 0.7792631 0.8157841 0.8472868 0.8743765 0.8971927 0.9163618 0.9321151 0.9450868 0.955631 0.9642271 0.971253 0.9769455 0.9815514 0.9852878 0.9882873 0.9906828 0.9926327 0.994253 0.9963473 0.9977583 0.998641 0.9991899 0.9995227 0.9997221 0.999834 0.9998992 0.9999377 0.999961 0.999975 0.9999834 0.9999884 0.9999915 1.0 1.0 1.0 1.0 1.0 1.0 1.0 1.0 1.0 1.0 1.0 0.0
0.0 0.1457946 0.242991 0.34018740000000003 0.4373838 0.5345802 0.6317766 0.728973 0.8261694 0.9233658 1.020562 1.117759 1.214955 1.312151 1.409348 1.506544 1.603741 1.700937 1.798133 1.89533 2.041124 2.235518 2.42991 2.624303 2.818696 3.013089 3.207482 3.401875 3.596268 3.79066 4.130847 4.616829 5.102811 5.588793 6.074775 6.560757 7.046739 7.532721 8.018704 8.504685 8.990667 9.476649 9.962631 10.44861 10.9346 11.42058 11.90656 12.39254 12.87852 13.3645 13.85049 14.33647 14.82245 15.30843 15.79442 16.2804 16.76638 17.25236 17.73834 18.22433 18.71031 19.19629 19.92526 20.89723 21.86919 22.84115 23.81312 24.78508 25.75705 26.72901 27.70097 28.67294 29.6449 30.61687 31.58883 32.56079 33.53276 34.50472 35.47668 36.44865 37.17762 37.6636 38.14958 38.63557 39.12155 39.60753 40.09351 40.5795 41.06548 41.55146 42.03744 42.5117
1.8291725641571098e-06 3.931988348083254e-06 7.773438803754607e-06 8.898118593284354e-05 0.0007918726515014078 0.0032261161136914115 0.00690518625384183 0.01168694744320171 0.01764096225210097 0.024756213647154524 0.03307133058791342 0.042435419969595406 0.053109927461344165 0.06529004431630284 0.07912189759687126 0.09461049689053587 0.11208441160315942 0.13162948123618914 0.15325224091658238 0.1775044488425923 0.20617774457179291 0.2392724494484187 0.27639163230894254 0.31663309722845184 0.35900568328508553 0.4022707268450426 0.4455453769063242 0.48815102209720196 0.5294626647945367 0.5688042643804759 0.6040957427126085 0.6352636607943657 0.6627241391139274 0.686793884401049 0.7079326556909479 0.7264377640519024 0.7426592886580581 0.756931014839588 0.7695680324573628 0.7808348382594681 0.7909427685098995 0.8001372625523545 0.8085809002740366 0.81641054049311 0.8237384608850896 0.8306624549569438 0.8372524167709497 0.8435567712119526 0.8496259524119057 0.8554899265663138 0.8611759233708323 0.8667029122830061 0.8720868522722888 0.8773392542274154 0.8824741558175749 0.8875050839437519 0.8924497463645497 0.8973106867732765 0.9021070099303131 0.9068459917456413 0.9115340354259537 0.9161535921934788 0.9206705488208023 0.9250856528560906 0.9293924097632369 0.9335824240012952 0.9376051904043234 0.9414256249470622 0.9450125166479196 0.9483642560796668 0.951505244432182 0.9544659705081722 0.9573094130419891 0.960093707602986 0.9628269814942373 0.9654263799948484 0.9677864233820198 0.9699702003236572 0.9716442732178745 0.9732123590036592 0.9773438074093473 0.9847247022440178 0.9901272903466108 0.9920406784399314 0.99424933960257 0.9973168290870119 0.9989270590000154 0.9993980153596461 0.9997617651940388 0.9999615543757912 1.0 1.0
2.1704e-05 4.241594e-05 9.490659e-05 2.413168e-05 1.928016e-05 2.762033e-05 7.39207e-05 0.0001814112 0.0003842212 0.0007466296 0.001344851 0.002261029 0.003467917 0.005010184 0.006882674 0.009091844 0.01149622 0.01396577 0.01655382 0.01928385 0.02470053 0.03050198 0.03654614 0.0429599 0.04960145 0.05697664 0.06491576 0.07337521 0.08268996 0.09316463 0.1164152 0.1468114 0.1803955 0.2182461 0.25953 0.3057866 0.3551583 0.4080591 0.4626128 0.5187085 0.5752961 0.6293128 0.6806467 0.7278793 0.7709823 0.8091646 0.8420194 0.8707488 0.8946077 0.9146453 0.9313651 0.9448383 0.9557857 0.9645264 0.9717386 0.9774292 0.9819862 0.9856792 0.988597 0.9909213 0.9928029 0.9944018 0.9963415 0.9976887 0.9985485 0.9990933 0.9994353 0.9996508 0.999787 0.9998714 0.9999233 0.9999548 0.9999735 0.9999841 0.9999903 0.999994 0.9999962 0.9999976 0.9999984 0.9999989 0.9999991 1.0 1.0 1.0 1.0 1.0 1.0 1.0 1.0 1.0 1.0 0.0
0.0 0.1457946 0.242991 0.34018740000000003 0.4373838 0.5345802 0.6317766 0.728973 0.8261694 0.9233658 1.020562 1.117759 1.214955 1.312151 1.409348 1.506544 1.603741 1.700937 1.798133 1.89533 2.041124 2.235518 2.42991 2.624303 2.818696 3.013089 3.207482 3.401875 3.596268 3.79066 4.130847 4.616829 5.102811 5.588793 6.074775 6.560757 7.046739 7.532721 8.018704 8.504685 8.990667 9.476649 9.962631 10.44861 10.9346 11.42058 11.90656 12.39254 12.87852 13.3645 13.85049 14.33647 14.82245 15.30843 15.79442 16.2804 16.76638 17.25236 17.73834 18.22433 18.71031 19.19629 19.92526 20.89723 21.86919 22.84115 23.81312 24.78508 25.75705 26.72901 27.70097 28.67294 29.6449 30.61687 31.58883 32.56079 33.53276 34.50472 35.47668 36.44865 37.42061 38.39258 39.85052 41.06548 41.55146 42.03744 42.52343 43.00941 43.49539 43.98137 44.46735 44.95334 45.43932 45.9253 46.41128 46.89726 47.23523
7.011451287007957e-08 2.0756193504602853e-07 8.65475931206141e-06 0.0003628521116863086 0.0011557835434293554 0.0028077517900426696 0.0056596247874716515 0.010187560149295602 0.01593795283521346 0.022674251657514386 0.030459037474358883 0.0394636452286914 0.04983467482800741 0.06154660445036796 0.07480314216956054 0.08978047593900329 0.1066541044035966 0.12558614735655468 0.14675548035824384 0.17038234096145388 0.1985795990274549 0.2313714708696295 0.2682385451130427 0.30830220057379976 0.3503494979555223 0.39364802955127826 0.436778794594144 0.479371133094781 0.5206033753745599 0.5602082925353722 0.5958154639879372 0.6272055434066396 0.654845262285146 0.679217122660484 0.7004914638077392 0.719067684311272 0.7353115110787557 0.7495414742725319 0.7620937928255429 0.7732198136891387 0.7831821390391042 0.7922209371921903 0.8004785956149505 0.8081172932836537 0.8152543797514191 0.8219865322785448 0.8283801438081762 0.8344946410898012 0.8403777326281059 0.8460475771767707 0.8515404783177328 0.856879876021953 0.8620699618422366 0.8671312722985149 0.8720782933137301 0.8769157247186853 0.8816536659275729 0.8863052103208747 0.8908736686682899 0.8953716643672199 0.8998063098282802 0.904166523894844 0.908413687883134 0.9125681642452744 0.9166500682571026 0.9206829721811133 0.9246579811523418 0.9285724319333333 0.9324198631270725 0.9361890369159056 0.9398575716611416 0.9433729754747439 0.946696877893629 0.9497945736264688 0.9526708491898344 0.9553538879024418 0.9578939633321886 0.9603676082201434 0.9628398758836053 0.9653096213045362 0.9676693844182334 0.9698713620271235 0.971358845247154 0.9726464676400789 0.9744919035513632 0.9794977734109457 0.9866815100511271 0.9908917716642225 0.9927500516908883 0.9953842441916199 0.9980617715693055 0.9991442171042831 0.9995287234914387 0.9998495638817217 0.9999812601035372 1.0 1.0
0.0005748413 0.0003688839 4.258124e-05 8.456939e-06 2.418001e-05 5.316768e-05 0.0001092358 0.0002039144 0.0004121845 0.0007964291 0.001392584 0.002255647 0.003431398 0.004959901 0.00677826 0.008897812 0.01124262 0.01345757 0.01590657 0.01861425 0.02356174 0.02884663 0.03460496 0.04072737 0.04742977 0.0542403 0.06223666 0.07042453 0.07966542 0.08927069 0.1113029 0.1409984 0.1733412 0.2083458 0.2488683 0.2930035 0.3411568 0.3930205 0.4470783 0.503981 0.5606161 0.6149859 0.6686425 0.7172984 0.7622378 0.8019122 0.8362796 0.8664164 0.8914383 0.912428 0.9299545 0.9439732 0.9555572 0.9647417 0.9720469 0.9779742 0.982643 0.9863624 0.9892873 0.9915825 0.9934039 0.9950083 0.9967819 0.9980116 0.998774 0.9992426 0.99953 0.9997089 0.99982 0.9998891 0.9999323 0.9999587 0.9999749 0.9999849 0.9999912 0.9999948 0.999997 0.9999982 0.9999989 0.9999994 0.9999996 0.9999998 0.9999999 0.9999999 0.9999999 0.9999999 1.0 1.0 1.0 1.0 1.0 1.0 1.0 1.0 1.0 1.0 0.0
0.0 0.1457946 0.242991 0.34018740000000003 0.4373838 0.5345802 0.6317766 0.728973 0.8261694 0.9233658 1.020562 1.117759 1.214955 1.312151 1.409348 1.506544 1.603741 1.700937 1.798133 1.89533 2.041124 2.235518 2.42991 2.624303 2.818696 3.013089 3.207482 3.401875 3.596268 3.79066 4.130847 4.616829 5.102811 5.588793 6.074775 6.560757 7.046739 7.532721 8.018704 8.504685 8.990667 9.476649 9.962631 10.44861 10.9346 11.42058 11.90656 12.39254 12.87852 13.3645 13.85049 14.33647 14.82245 15.30843 15.79442 16.2804 16.76638 17.25236 17.73834 18.22433 18.71031 19.19629 19.92526 20.89723 21.86919 22.84115 23.81312 24.78508 25.75705 26.72901 27.70097 28.67294 29.6449 30.61687 31.58883 32.56079 33.53276 34.50472 35.47668 36.44865 37.42061 38.39258 39.85052 41.79445 43.73838 45.68231 46.89726 47.38324 47.86923 48.35521 48.84119 49.32717 49.81316 50.29914 50.78512 51.2711 51.75708 51.95875
3.761270640363159e-09 4.504209017785714e-07 1.589721449884839e-05 0.00012727016444144299 0.0013876378213492269 0.0035290747059705087 0.006636737101785916 0.010783980313263686 0.016103660222658314 0.02269080301012731 0.03042493840545363 0.03926175266002075 0.049370559801929954 0.060836798747069085 0.07383458253573279 0.08847908746056159 0.1051161400960481 0.1238550668178767 0.14477280246277938 0.1681402258034608 0.19611047212377233 0.22871934750646897 0.26541801783584446 0.30547703684521443 0.3476284323442987 0.3911109977876594 0.434479111452926 0.4773516858621133 0.5188685572602062 0.5588070988259478 0.594816224989275 0.626747528629467 0.654944347147278 0.6797267868508039 0.7013853529662039 0.7202984680491462 0.7368051511067522 0.75125425947981 0.763917468189684 0.7751070430058644 0.7850723998542959 0.7940447593030326 0.8022190910858705 0.8097377623111734 0.8167227891193043 0.8232771637637251 0.8294811710642684 0.8353916638925915 0.841061804400211 0.8465288728059147 0.8518164122457543 0.8569534857958155 0.861956868478541 0.8668413841484863 0.871621490816228 0.8763072599513017 0.8809007359759423 0.8854132098396154 0.8898503987511668 0.8942181849079041 0.8985201872958534 0.9027451113788436 0.9068560176751265 0.9108501264878036 0.9147420966829692 0.9185466229937749 0.9222601294746621 0.9258907902278645 0.9294580046683674 0.9329800696578315 0.9364779286880351 0.9399321766052641 0.943347357406938 0.9467157589585143 0.9500223199655219 0.9532346388462326 0.956310514780343 0.9592058370267781 0.961889100680228 0.9643756984467687 0.966706459590453 0.9689688764161678 0.9714186197058845 0.973918218921827 0.975821987776272 0.9768043466482635 0.9827240035095866 0.9891463479313993 0.9921343481417864 0.993764170514163 0.9964464011963786 0.9985964504786671 0.9993067261621884 0.9996515186894348 0.9999119920703053 0.9999915107698057 1.0 1.0
0.0007378935 0.0001290496 4.614837e-05 4.762782e-05 2.26087e-05 5.318708e-05 0.0001187597 0.0002447332 0.0004649778 0.0008296454 0.001412413 0.002278305 0.00342673 0.004894707 0.006666843 0.008739111 0.01077158 0.01287947 0.01517797 0.01784625 0.02249021 0.02747011 0.03296888 0.03868989 0.04514313 0.05170386 0.05958206 0.06750841 0.07643099 0.08575915 0.10701 0.1346192 0.1651511 0.1988639 0.2366277 0.2782504 0.3239076 0.3729798 0.4259631 0.4810126 0.5373042 0.592552 0.6455907 0.6965451 0.7427717 0.7846285 0.8213123 0.8535643 0.8807851 0.9037567 0.92269 0.9382073 0.950978 0.9612309 0.9694043 0.9759201 0.9811568 0.985273 0.9885072 0.9910443 0.9930459 0.9948803 0.996751 0.9980665 0.9988564 0.9993278 0.9996061 0.9997694 0.9998659 0.9999223 0.9999554 0.9999742 0.9999852 0.9999916 0.9999953 0.9999974 0.9999986 0.9999992 0.9999996 0.9999998 0.9999999 1.0 1.0 1.0 1.0 1.0 1.0 1.0 1.0 1.0 1.0 1.0 1.0 1.0 1.0 1.0 1.0 0.0
0.0 0.1457946 0.242991 0.34018740000000003 0.4373838 0.5345802 0.6317766 0.728973 0.8261694 0.9233658 1.020562 1.117759 1.214955 1.312151 1.409348 1.506544 1.603741 1.700937 1.798133 1.89533 2.041124 2.235518 2.42991 2.624303 2.818696 3.013089 3.207482 3.401875 3.596268 3.79066 4.130847 4.616829 5.102811 5.588793 6.074775 6.560757 7.046739 7.532721 8.018704 8.504685 8.990667 9.476649 9.962631 10.44861 10.9346 11.42058 11.90656 12.39254 12.87852 13.3645 13.85049 14.33647 14.82245 15.30843 15.79442 16.2804 16.76638 17.25236 17.73834 18.22433 18.71031 19.19629 19.92526 20.89723 21.86919 22.84115 23.81312 24.78508 25.75705 26.72901 27.70097 28.67294 29.6449 30.61687 31.58883 32.56079 33.53276 34.50472 35.47668 36.44865 37.42061 38.39258 39.85052 41.79445 43.73838 45.68231 47.62624 49.57016 50.78512 51.2711 51.75708 52.24306 52.72904 53.21503 53.70101 54.18699 54.67297 55.15896 55.64494 56.13092 56.6169 56.68227
6.155292366034065e-08 3.9308560795654656e-07 7.31142225432366e-06 0.00023056903330488632 0.0013625535905364052 0.003362595699902022 0.006561164143539091 0.01068830081318407 0.015711254844242177 0.021740970790574257 0.0288888813018919 0.037376057099640765 0.04725314638559498 0.05843492322034433 0.0710264089494558 0.08516108127358347 0.10125799800478327 0.11951957212536458 0.13999337279635896 0.16279846604619622 0.19019091163462132 0.22234727181332295 0.25862099573497405 0.2982770587569885 0.3403105155614316 0.3834759877502126 0.4268458730133229 0.4696600262863849 0.5116357189653353 0.5520027137783565 0.5885645170089611 0.6210713887267865 0.6498786737208468 0.6753291951031435 0.6976094201682306 0.7170977736660643 0.7341024936312223 0.7489635663479419 0.7619899931886731 0.7734477607028095 0.7836152780296304 0.7927225337320647 0.8009619329925349 0.808492004205508 0.8154439240483417 0.821925873645005 0.8280173465610824 0.8337846577741885 0.8392789839507776 0.844543101370821 0.8496099766886578 0.8545071634655459 0.8592593931145538 0.8638855362286472 0.8683951602204794 0.8728066108882292 0.8771314080279528 0.8813805319613448 0.8855630987041435 0.8896840442632608 0.8937497799428411 0.8977643426258604 0.9017052138450999 0.9055649767455647 0.9093446515576795 0.9130451520849546 0.9166559633482054 0.9201706993655534 0.9235925683579963 0.926929407383348 0.930193177358877 0.9333790406308206 0.936499246203096 0.9395779698668784 0.9426365432457913 0.945685495264615 0.9487180546026414 0.9517372294716662 0.9547322120349947 0.9576845016249372 0.960555738678488 0.9633069434206203 0.9656623398607234 0.9676800829679599 0.9697291677006432 0.9720373142604594 0.9740699061242497 0.9753590839686511 0.9766924091652778 0.9797793093520333 0.9858381092052605 0.9908169180860295 0.9928988175394565 0.9947774650728939 0.9974149170585714 0.9989751341618952 0.9994474553419149 0.9997621718396907 0.9999537292766884 0.9999966255621806 1.0 1.0
0.0001867623 0.0004331804 0.0001926362 3.764199e-05 3.442846e-05 7.011421e-05 0.0001372118 0.0002807616 0.0005407891 0.0009357667 0.001509315 0.002323572 0.003426807 0.004895207 0.006594527 0.00853896 0.01036983 0.0125258 0.01463384 0.01722937 0.02158543 0.02633644 0.03138699 0.0370361 0.04281397 0.0495379 0.05659139 0.06449383 0.07206759 0.08127523 0.1011282 0.1269507 0.1551922 0.1857029 0.2204953 0.2586399 0.3005621 0.3462346 0.3952905 0.4478461 0.5015579 0.5555812 0.6087273 0.6595466 0.7071109 0.7513126 0.7908143 0.8256573 0.8560761 0.8819484 0.9038819 0.9221698 0.937292 0.9496726 0.9597169 0.9678587 0.9744906 0.9797546 0.9839792 0.9873462 0.9900271 0.9924837 0.9951217 0.9970041 0.9981711 0.9988905 0.9993304 0.9995978 0.9997604 0.999858 0.9999164 0.9999507 0.999971 0.9999831 0.9999902 0.9999943 0.9999967 0.999998 0.9999989 0.9999994 0.9999997 0.9999999 0.9999999 1.0 1.0 1.0 1.0 1.0 1.0 1.0 1.0 1.0 1.0 1.0 1.0 1.0 1.0 1.0 1.0 1.0 1.0 0.0
0.0 0.1457946 0.242991 0.34018740000000003 0.4373838 0.5345802 0.6317766 0.728973 0.8261694 0.9233658 1.020562 1.117759 1.214955 1.312151 1.409348 1.506544 1.603741 1.700937 1.798133 1.89533 2.041124 2.235518 2.42991 2.624303 2.818696 3.013089 3.207482 3.401875 3.596268 3.79066 4.130847 4.616829 5.102811 5.588793 6.074775 6.560757 7.046739 7.532721 8.018704 8.504685 8.990667 9.476649 9.962631 10.44861 10.9346 11.42058 11.90656 12.39254 12.87852 13.3645 13.85049 14.33647 14.82245 15.30843 15.79442 16.2804 16.76638 17.25236 17.73834 18.22433 18.71031 19.19629 19.92526 20.89723 21.86919 22.84115 23.81312 24.78508 25.75705 26.72901 27.70097 28.67294 29.6449 30.61687 31.58883 32.56079 33.53276 34.50472 35.47668 36.44865 37.42061 38.39258 39.85052 41.79445 43.73838 45.68231 47.62624 49.57016 51.51409 53.45802 55.40195 57.34588 59.2898 60.50476 60.99074 61.47672 61.9627 62.44869 62.93467 63.42065 63.90663 64.39262 64.87859 65.36458 65.85056 66.12932
4.5208479228122513e-07 1.6914201610167859e-06 3.5460016179369733e-06 0.00013367894896359364 0.000533503647662862 0.0016534280096805543 0.004648039187760977 0.008679904069469158 0.013824455123922273 0.019781176740927255 0.026879518936136843 0.034999641733449896 0.044324560599957985 0.05499078491025646 0.06717242959022256 0.08083370513542869 0.09649159611784394 0.11420090891990285 0.13400756467585173 0.1561443423598465 0.18265469612491111 0.2142731003142857 0.2498989770086728 0.2889703266136559 0.3307686904076215 0.3740054015427583 0.41748366602579967 0.46085365588375937 0.5033493052046455 0.5441858523520084 0.5816406488054503 0.6152380088100972 0.6451598237956191 0.6716683882766251 0.6950096599925487 0.7155252086822594 0.7334443150401836 0.7490749309104755 0.7627743281465957 0.7748209698150416 0.7854667970517237 0.7949443861982023 0.8034620435635498 0.8111821275597977 0.8182563105969602 0.8247908486206685 0.8308816480211124 0.8365946943828357 0.841993927848136 0.8471330116457435 0.8520447760795276 0.8567586372852714 0.8612975959742917 0.8656835670530492 0.8699484364810489 0.8740973580081004 0.8781416178874962 0.8820903498790994 0.8859529439009606 0.8897422078624735 0.893457657357035 0.8970975298633822 0.9006368793972733 0.9040706799056669 0.9074200128250988 0.9106893158094298 0.9138923839328906 0.9170367253066657 0.9201365815613491 0.923205355887377 0.9262493971845519 0.9292731285783595 0.932277238637302 0.9352520273772235 0.9381904558005166 0.9410750000108516 0.9438938281762286 0.9466386805332282 0.9493130863299584 0.9519226393730561 0.9544686655678878 0.9569616081396797 0.9594316662271536 0.9619651708745063 0.9645931696010845 0.96721876808721 0.969649079599742 0.9716122564529673 0.9732313899203443 0.9749176823296959 0.9768054018626363 0.9784040384694015 0.9793925877080252 0.9812222289155882 0.9855985577413635 0.9907700780474171 0.9933493027257224 0.9947166640451269 0.9968356317203066 0.9987133576429893 0.9993948527380931 0.9996860155158237 0.9999122246059493 0.9999905080774648 1.0 1.0
0.0001442456 0.000480662 0.002190648 0.0001562549 0.0001868587 0.0002102325 0.0002221643 0.0003966572 0.0006527862 0.001090506 0.001645674 0.002487096 0.003626856 0.005027213 0.006570017 0.008211656 0.009909731 0.011725 0.01390187 0.01636774 0.02038914 0.02449874 0.02929607 0.03432519 0.0397304 0.04562504 0.05247905 0.05945385 0.06606423 0.07550261 0.09315916 0.1159823 0.1413335 0.1685211 0.1984413 0.2312778 0.2681025 0.3086974 0.3522577 0.399189 0.4485532 0.4993974 0.5500776 0.6003772 0.6485733 0.6940349 0.7366189 0.7753827 0.8095435 0.8399093 0.86632 0.8891577 0.9085227 0.9247257 0.9383639 0.9496747 0.9590487 0.9667321 0.9729574 0.9780855 0.9822925 0.9862556 0.9906651 0.9939445 0.9960955 0.9974951 0.9983983 0.9989798 0.9993543 0.9995929 0.999745 0.9998408 0.9999013 0.9999391 0.9999627 0.9999772 0.9999862 0.9999917 0.9999951 0.999997 0.9999983 0.999999 0.9999996 0.9999999 1.0 1.0 1.0 1.0 1.0 1.0 1.0 1.0 1.0 1.0 1.0 1.0 1.0 1.0 1.0 1.0 1.0 1.0 1.0 1.0 1.0 0.0
0.0 0.1457946 0.242991 0.34018740000000003 0.4373838 0.5345802 0.6317766 0.728973 0.8261694 0.9233658 1.020562 1.117759 1.214955 1.312151 1.409348 1.506544 1.603741 1.700937 1.798133 1.89533 2.041124 2.235518 2.42991 2.624303 2.818696 3.013089 3.207482 3.401875 3.596268 3.79066 4.130847 4.616829 5.102811 5.588793 6.074775 6.560757 7.046739 7.532721 8.018704 8.504685 8.990667 9.476649 9.962631 10.44861 10.9346 11.42058 11.90656 12.39254 12.87852 13.3645 13.85049 14.33647 14.82245 15.30843 15.79442 16.2804 16.76638 17.25236 17.73834 18.22433 18.71031 19.19629 19.92526 20.89723 21.86919 22.84115 23.81312 24.78508 25.75705 26.72901 27.70097 28.67294 29.6449 30.61687 31.58883 32.56079 33.53276 34.50472 35.47668 36.44865 37.42061 38.39258 39.85052 41.79445 43.73838 45.68231 47.62624 49.57016 51.51409 53.45802 55.40195 57.34588 59.2898 61.23373 63.17766 65.12159 67.06551 69.00945 70.22439 70.71038 71.19637 71.68234 72.16833 72.65431 73.14029 73.62627 74.11226 74.59824 75.08422 75.5702 75.57636
1.5779717770806252e-06 9.721058209319796e-06 0.00011381095927466716 0.0003611704126682869 0.0007566586761660088 0.001766293967456955 0.004442196292273011 0.00838472999512944 0.013219521057413855 0.019294937085486803 0.026537722897624138 0.03484534944763263 0.044253163203022985 0.05475957745138757 0.06656460806568407 0.07990446363299827 0.09516369663820207 0.11267076830310467 0.1323949159960397 0.15439217221294357 0.1802024707290058 0.21108179431899762 0.24649912323049145 0.2850759765730369 0.32614420738190947 0.36893423663254743 0.4125502574310997 0.4560000456186478 0.49839962608275096 0.5397342286856884 0.5778182883325012 0.6120443840888813 0.6427291532308445 0.6700264520126152 0.6941266193203688 0.7153877741856082 0.734052977442335 0.7503574660611486 0.7646013363309411 0.7771495125164305 0.7882007254494146 0.798002169251772 0.8067779974140986 0.8147146075073056 0.8219341293730809 0.8285539523049319 0.8346864508015961 0.8404063844832287 0.84577945891474 0.8508517671121205 0.8556727596531709 0.8602717809229119 0.8646895957178905 0.8689393522031441 0.8730482517224908 0.8770357579481309 0.8809100681106091 0.8846814311967365 0.8883714119993658 0.8919791227431104 0.8955091558829933 0.898966118761709 0.902317317659824 0.9055665818432824 0.9087240862523157 0.9117970204571446 0.9147916106389005 0.9177181531898759 0.9205724039482164 0.9233665104706898 0.926100313302494 0.9287787410466136 0.9314052829032223 0.9339835608861986 0.9365188158478578 0.9390219835668259 0.9414953348048596 0.9439565157628361 0.9464151575891796 0.9488838517283517 0.9513677473559506 0.9538631578142591 0.9563675600346585 0.9587934172484132 0.9610734802740976 0.963206140459577 0.965230731817766 0.9672477437837972 0.9693232008321861 0.9714905058056894 0.9736340747369167 0.9755873866641647 0.97711865777317 0.978405261354943 0.9798054108601694 0.9813405331748458 0.9825720594223738 0.9832625527827298 0.9860205437719008 0.9905499495039343 0.9937606651950652 0.9950430297081344 0.9965368927988417 0.9983896290991716 0.9993368446914688 0.9996387588434652 0.9998625460189746 0.9999770627753528 0.9999985878416285 1.0 1.0
0.0002158607 0.0002692759 0.0001056864 0.000171966 0.0003530554 0.0004006472 0.0003808039 0.0005622522 0.00086462 0.001205092 0.001742409 0.002587249 0.003740053 0.005182325 0.006556313 0.008010992 0.009307582 0.01094152 0.0128118 0.01543608 0.01942077 0.02273697 0.02709645 0.03213805 0.0368106 0.04236806 0.04860471 0.05456575 0.06098299 0.06960816 0.08582997 0.1065089 0.1292763 0.1536956 0.1808241 0.2096153 0.2418453 0.2780489 0.3181934 0.3596666 0.4050779 0.452318 0.5011246 0.5480208 0.5952767 0.6419219 0.6854241 0.7253579 0.7625995 0.7963372 0.8268468 0.8536132 0.8759618 0.8959821 0.9134983 0.9279088 0.939774 0.9500447 0.9589092 0.9660612 0.9719142 0.9776546 0.9842693 0.9894249 0.9928517 0.995227 0.9967983 0.9978706 0.9985853 0.9990633 0.9993826 0.9995938 0.9997346 0.9998266 0.9998876 0.9999273 0.9999532 0.9999701 0.9999809 0.999988 0.9999924 0.9999957 0.9999982 0.9999993 0.9999998 0.9999999 1.0 1.0 1.0 1.0 1.0 1.0 1.0 1.0 1.0 1.0 1.0 1.0 1.0 1.0 1.0 1.0 1.0 1.0 1.0 1.0 1.0 1.0 1.0 1.0 0.0
0.0 0.1457946 0.242991 0.34018740000000003 0.4373838 0.5345802 0.6317766 0.728973 0.8261694 0.9233658 1.020562 1.117759 1.214955 1.312151 1.409348 1.506544 1.603741 1.700937 1.798133 1.89533 2.041124 2.235518 2.42991 2.624303 2.818696 3.013089 3.207482 3.401875 3.596268 3.79066 4.130847 4.616829 5.102811 5.588793 6.074775 6.560757 7.046739 7.532721 8.018704 8.504685 8.990667 9.476649 9.962631 10.44861 10.9346 11.42058 11.90656 12.39254 12.87852 13.3645 13.85049 14.33647 14.82245 15.30843 15.79442 16.2804 16.76638 17.25236 17.73834 18.22433 18.71031 19.19629 19.92526 20.89723 21.86919 22.84115 23.81312 24.78508 25.75705 26.72901 27.70097 28.67294 29.6449 30.61687 31.58883 32.56079 33.53276 34.50472 35.47668 36.44865 37.42061 38.39258 39.85052 41.79445 43.73838 45.68231 47.62624 49.57016 51.51409 53.45802 55.40195 57.34588 59.2898 61.23373 63.17766 65.12159 67.06551 69.00945 70.95337 72.8973 74.84122 76.78516 78.72909 80.67301 82.61694 84.56086 86.5048 87.71975 88.20574 88.69171 89.1777 89.66368 90.14966 90.63564 91.12162 91.60761 92.09359 92.57958 93.06555 93.55154 94.03751 94.47046
5.6507410249253486e-05 0.00040399253154304405 0.0008969544087894383 0.0016788979714046416 0.002917216732513361 0.004708598756627207 0.007339827640625856 0.010790974989952146 0.014971529570408421 0.02027170573024126 0.026968369855713954 0.03474456968626323 0.04367815385311338 0.05374402381558941 0.06551570320899987 0.07922039371932334 0.09485111792805301 0.11238868995089014 0.1316432352742726 0.15280466067728163 0.1773078178277748 0.20652662899396676 0.2403132616336912 0.27766942058579197 0.31751816348629053 0.3590943821138036 0.4017633128777584 0.4447795416229962 0.48741431126859697 0.5289860933872328 0.5676351921877808 0.6028059671988969 0.634652635502341 0.6629586067347304 0.6883997386584101 0.7108721524346165 0.7307419084439932 0.748259056393236 0.7635548645136397 0.7770812073671018 0.7889292431114778 0.7995120228228001 0.8088735082708514 0.8173242712097913 0.8249429951411513 0.8318706884498066 0.8382373287462879 0.8440949159478255 0.8495477322121715 0.854640130528528 0.8594245907637216 0.8639580212270763 0.8682566716406525 0.8723629671288851 0.8762972095597149 0.8800814471723045 0.8837436888571524 0.887284417790407 0.8907332787243856 0.8940809908858361 0.8973569316265861 0.9005467887689977 0.9036206921054393 0.90658947115408 0.9094664491543966 0.912261677622229 0.9149843042355628 0.9176406611025225 0.9202309890045447 0.9227623589301416 0.925239254979831 0.9276646746203377 0.9300374058781004 0.9323634202940677 0.9346447030043028 0.9368796342797464 0.9390721025187697 0.9412238298934552 0.9433364232266545 0.9454119620310737 0.9474511263025283 0.9494483373327646 0.9513864242191521 0.9532610803215281 0.9550783392919654 0.9568448325012785 0.958560713210683 0.9602370492998706 0.961892587438761 0.9635586477667512 0.9652760618949512 0.9670566926447797 0.9688449771790594 0.9705611131893838 0.9721555323687067 0.9736337109822584 0.975047901021637 0.9764585628265012 0.977930455310293 0.9794382314878401 0.980907958551981 0.9821747750262027 0.9831496046852697 0.9840199356042875 0.9850194512087038 0.9860217714933686 0.9867226499558236 0.9873274408957413 0.9878744971257268 0.9887563944267062 0.990963362790016 0.994009982403501 0.9958911847763846 0.9967813686693086 0.9979179998237201 0.9990959018036208 0.999603678393965 0.9997889631374343 0.9999314867917507 0.9999909529501021 1.0 1.0
8.966893e-05 5.989994e-05 0.0001236688 0.0001908299 0.0002721184 0.0003982405 0.000628212 0.001059801 0.001713503 0.002359909 0.002945858 0.00361806 0.004214602 0.005018383 0.005716368 0.006936978 0.00850217 0.01037329 0.01234444 0.01442252 0.01729797 0.02008242 0.02426985 0.02860025 0.03231988 0.03637587 0.0418193 0.04718325 0.05219873 0.05872105 0.07382333 0.09022137 0.109383 0.1306916 0.1507935 0.1755606 0.2008002 0.2293458 0.2627775 0.2955733 0.336016 0.3723134 0.4166562 0.4574139 0.5009999 0.545853 0.5859759 0.6292391 0.6675391 0.7051678 0.7412342 0.7714092 0.8026009 0.8272147 0.8508919 0.8725386 0.888929 0.906908 0.9187027 0.9319218 0.9416839 0.9516777 0.9643037 0.9743007 0.9815965 0.9868754 0.9906992 0.9934156 0.995315 0.9966789 0.9976526 0.9983495 0.9988455 0.9991896 0.9994314 0.9996013 0.9997219 0.9998077 0.9998669 0.9999079 0.9999365 0.9999594 0.9999793 0.9999905 0.9999957 0.9999982 0.9999992 0.9999997 0.9999999 1.0 1.0 1.0 1.0 1.0 1.0 1.0 1.0 1.0 1.0 1.0 1.0 1.0 1.0 1.0 1.0 1.0 1.0 1.0 1.0 1.0 1.0 1.0 1.0 1.0 1.0 1.0 1.0 1.0 1.0 1.0 1.0 0.0
0.0 0.1457946 0.242991 0.34018740000000003 0.4373838 0.5345802 0.6317766 0.728973 0.8261694 0.9233658 1.020562 1.117759 1.214955 1.312151 1.409348 1.506544 1.603741 1.700937 1.798133 1.89533 2.041124 2.235518 2.42991 2.624303 2.818696 3.013089 3.207482 3.401875 3.596268 3.79066 4.130847 4.616829 5.102811 5.588793 6.074775 6.560757 7.046739 7.532721 8.018704 8.504685 8.990667 9.476649 9.962631 10.44861 10.9346 11.42058 11.90656 12.39254 12.87852 13.3645 13.85049 14.33647 14.82245 15.30843 15.79442 16.2804 16.76638 17.25236 17.73834 18.22433 18.71031 19.19629 19.92526 20.89723 21.86919 22.84115 23.81312 24.78508 25.75705 26.72901 27.70097 28.67294 29.6449 30.61687 31.58883 32.56079 33.53276 34.50472 35.47668 36.44865 37.42061 38.39258 39.85052 41.79445 43.73838 45.68231 47.62624 49.57016 51.51409 53.45802 55.40195 57.34588 59.2898 61.23373 63.17766 65.12159 67.06551 69.00945 70.95337 72.8973 74.84122 76.78516 78.72909 80.67301 82.61694 84.56086 86.5048 88.44872 90.39266 92.33658 94.28051 96.22443 98.16837 100.1123 102.0562 104.0001 105.9441 107.159 107.645 108.131 108.617 109.103 109.5889 110.0749 110.5609 111.0469 111.5329 112.0189 112.5048 112.9908 113.3645
0.0002578639885889858 0.000753729392314644 0.0014639684069406617 0.0024102252230747434 0.0036528959600474207 0.00539916951575564 0.007673585776670612 0.010985294409467267 0.01542952249998265 0.02110300859641679 0.027857642605779775 0.03612889009474023 0.045870721478409406 0.05688820809472897 0.06907325911108794 0.08257844589227734 0.09753785030995689 0.1139761043675989 0.13196956190591805 0.151561179189229 0.17533632931919554 0.20402762334928412 0.2362818707952638 0.2716289320946339 0.3093221390569472 0.3488223222001952 0.39001230291587585 0.4320552457534726 0.47404932114161813 0.5155612074025927 0.5544009901334441 0.5904883664417521 0.6231195624392757 0.652725611336533 0.6792899940354383 0.7031129293433636 0.7242437349677471 0.7429406978918377 0.7595015336538298 0.7740519840255996 0.7869862519404625 0.7983774361630414 0.8086393940074199 0.8177495795277735 0.8260270190967617 0.8334650373299115 0.8403095246579948 0.8465330938291213 0.852312328590471 0.8576361459862635 0.8626304488898568 0.8672934321384943 0.8716971370101495 0.8758598010187133 0.8798220580886791 0.8836039203287209 0.8872288825310826 0.8907197674056723 0.8940847911280574 0.89734729895526 0.9005126068230956 0.9035806259192093 0.9065170416279971 0.9093382090544981 0.9120590416520306 0.9146932305680552 0.9172511338016842 0.919740725050101 0.922168207959593 0.9245386502044619 0.9268559471359193 0.9291224727288765 0.9313410074296753 0.9335177226643072 0.9356520417720838 0.9377457091928959 0.9398001583168496 0.9418157485241732 0.9437939123788119 0.9457384527018957 0.9476479150362009 0.9495194838235244 0.95133369470023 0.9530873157227462 0.954780576150874 0.9564221543975087 0.9580118868826842 0.9595523623832876 0.9610460672321862 0.9624942695871979 0.963902722836623 0.9652731189591004 0.9666084304835075 0.9679107653607707 0.9691839594584774 0.9704317664411514 0.9716570059978032 0.9728666439086538 0.9740752602708779 0.9753098804776531 0.9765933404574711 0.977916207098957 0.9792302680986849 0.980474059936738 0.981627130986554 0.9826954783540593 0.9837220165824161 0.9847466662057103 0.9858033568483124 0.9868605233599066 0.9878613303769889 0.9886751435996078 0.9893111036779875 0.9899250948843116 0.9906313646062768 0.9912738554908763 0.991670838457453 0.9920534259739374 0.9927988954041284 0.9944831634780118 0.9963636593528252 0.9973715354203087 0.9979734150998542 0.9988227995296343 0.9995150410302692 0.9997696520081698 0.9998845343009366 0.9999689242140235 0.999996678240287 1.0 1.0
8.230602e-05 0.0001530293 0.0002984676 0.0005320379 0.000827888 0.00113273 0.00161934 0.002002187 0.002435807 0.002830123 0.003230837 0.003721382 0.004452058 0.005423446 0.006559199 0.007711411 0.00894242 0.0104905 0.01211731 0.01407344 0.01612818 0.01886845 0.022317 0.02597358 0.03007506 0.03379207 0.03748728 0.04183018 0.04641201 0.05246823 0.06513157 0.07897601 0.09552182 0.1122997 0.1306973 0.1496652 0.1715145 0.1952193 0.2206743 0.2506184 0.2800083 0.3160692 0.3474439 0.3880725 0.4220408 0.4653324 0.4988287 0.5429951 0.576299 0.6186541 0.650659 0.6888241 0.7185914 0.750852 0.7774058 0.8039588 0.8269389 0.8474892 0.8672365 0.882611 0.8992384 0.9132105 0.9329829 0.9496949 0.9623747 0.9719552 0.9791491 0.9845495 0.988577 0.9915619 0.9937813 0.9954249 0.9966367 0.9975321 0.9981911 0.9986759 0.9990309 0.9992914 0.9994832 0.9996243 0.9997272 0.9998133 0.9998958 0.9999459 0.9999721 0.9999858 0.9999928 0.9999964 0.9999982 0.9999992 0.9999996 0.9999998 0.9999999 1.0 1.0 1.0 1.0 1.0 1.0 1.0 1.0 1.0 1.0 1.0 1.0 1.0 1.0 1.0 1.0 1.0 1.0 1.0 1.0 1.0 1.0 1.0 1.0 1.0 1.0 1.0 1.0 1.0 1.0 1.0 1.0 1.0 1.0 1.0 1.0 1.0 0.0
0.0 0.1457946 0.242991 0.34018740000000003 0.4373838 0.5345802 0.6317766 0.728973 0.8261694 0.9233658 1.020562 1.117759 1.214955 1.312151 1.409348 1.506544 1.603741 1.700937 1.798133 1.89533 2.041124 2.235518 2.42991 2.624303 2.818696 3.013089 3.207482 3.401875 3.596268 3.79066 4.130847 4.616829 5.102811 5.588793 6.074775 6.560757 7.046739 7.532721 8.018704 8.504685 8.990667 9.476649 9.962631 10.44861 10.9346 11.42058 11.90656 12.39254 12.87852 13.3645 13.85049 14.33647 14.82245 15.30843 15.79442 16.2804 16.76638 17.25236 17.73834 18.22433 18.71031 19.19629 19.92526 20.89723 21.86919 22.84115 23.81312 24.78508 25.75705 26.72901 27.70097 28.67294 29.6449 30.61687 31.58883 32.56079 33.53276 34.50472 35.47668 36.44865 37.42061 38.39258 39.85052 41.79445 43.73838 45.68231 47.62624 49.57016 51.51409 53.45802 55.40195 57.34588 59.2898 61.23373 63.17766 65.12159 67.06551 69.00945 70.95337 72.8973 74.84122 76.78516 78.72909 80.67301 82.61694 84.56086 86.5048 88.44872 90.39266 92.33658 94.28051 96.22443 98.16837 100.1123 102.0562 104.0001 105.9441 107.888 109.8319 111.7759 113.7198 115.6637 117.6076 119.5516 121.4955 123.4394 125.3834 126.5983 127.0843 127.5703 128.0563 128.5422 129.0282 129.5142 130.0002 130.4862 130.9722 131.4581 131.9441 132.2586
0.00024956964608076397 0.0006818232486235777 0.0014038065994785298 0.002563197912882532 0.00488500613279898 0.007983291225730365 0.01183523380839184 0.01662039827903566 0.022166534549422454 0.028611592535376134 0.035946974014348584 0.044262739962459094 0.05435618842239207 0.0661488377457828 0.0795166248946172 0.09423331433528283 0.11035086960037462 0.12782528092892945 0.14672291844983296 0.16709163368305915 0.1899505654654303 0.21556668694396622 0.24550324062751952 0.278866077895052 0.3144807098191768 0.3517182604070058 0.3901073699428442 0.4292499631745526 0.46877398403601994 0.508635614022684 0.5471742943795793 0.5831177168457168 0.6159775165167062 0.646165264694199 0.6731044314307041 0.6976958884255287 0.7196505516286014 0.7391132395551897 0.7565900415887568 0.7719040538738976 0.7856670349556132 0.7978970336173083 0.8087328895328463 0.8185717216723615 0.8273312731524439 0.835332368270231 0.84260975748223 0.8492106478574986 0.8553429725236256 0.8609361620263998 0.8661535950674786 0.8710098196065797 0.8755287219050857 0.8798123746726464 0.883820815715828 0.8876396198008225 0.8912707543739113 0.8947274265211314 0.8980635098444384 0.9012527972276017 0.9043419847524685 0.9073167685191199 0.910137238721745 0.9128177691104266 0.9153847148172186 0.9178587976416173 0.9202497841333154 0.922566489549299 0.9248169753468689 0.9270147072239782 0.9291593030835995 0.931254453758497 0.9333029120935203 0.9353110710417595 0.9372815100699786 0.9392131785152971 0.9411076783579604 0.9429692363644298 0.9447970396950013 0.9465944665198008 0.9483588991207836 0.9500884552854995 0.9517666578592294 0.9533908288365853 0.9549633002983345 0.9564872358748141 0.9579614847014198 0.9593923981537632 0.9607777310480068 0.962123502555709 0.9634285106719673 0.9646957880580613 0.9659278143948072 0.9671265895589196 0.9682948189969225 0.9694320249835883 0.9705416713386487 0.9716248902168424 0.9726839455118722 0.9737200762325966 0.9747356373273964 0.975730200964018 0.976707840903802 0.9776678486665156 0.9786138498082811 0.9795460060654904 0.9804673397050531 0.9813838977554384 0.9823077983885221 0.9832571677218188 0.9842414766891499 0.9852434244859481 0.9862192254538593 0.9871333100600505 0.9879731522575819 0.9887510307073961 0.9894961199103626 0.9902403966893998 0.990993891611189 0.9917302624326946 0.992401320440592 0.9929256486165365 0.9933547290259223 0.9937998529369262 0.9942842085250673 0.994680675976114 0.9949137738725483 0.9955721440971151 0.9968101222499043 0.997916024968803 0.9984064941093788 0.9988078739395071 0.9993718129791923 0.9997467615904809 0.9998702155184354 0.9999418863600514 0.9999873546589595 0.9999989423853646 1.0 1.0
0.000426631 0.0007933793 0.001251253 0.001571456 0.001333085 0.001505873 0.001728942 0.001963258 0.002292079 0.002684512 0.003139239 0.003664911 0.004129842 0.005130563 0.006457731 0.008022106 0.009530891 0.01080596 0.01183821 0.01314714 0.01533654 0.01787377 0.02032674 0.02449157 0.02868947 0.03172939 0.03492848 0.03823324 0.04214144 0.04856016 0.05853706 0.07024808 0.0849791 0.09798647 0.1154729 0.1300341 0.147983 0.1691464 0.1881236 0.2152764 0.2380552 0.2659218 0.2983572 0.3245777 0.3623767 0.3919321 0.4261613 0.4649348 0.4940639 0.5360911 0.5666916 0.6010562 0.6377452 0.6639886 0.7009577 0.7254357 0.7525686 0.7802711 0.7987016 0.8251404 0.840957 0.8627476 0.8889952 0.9132499 0.9332232 0.948416 0.9600983 0.9692231 0.9763742 0.9822081 0.9864565 0.9896381 0.9920777 0.9939701 0.9954799 0.9966002 0.9974143 0.9980356 0.9985105 0.9988829 0.9991724 0.9994 0.9996464 0.9997993 0.999888 0.9999385 0.9999655 0.9999814 0.9999899 0.9999945 0.9999971 0.9999984 0.9999992 0.9999996 0.9999998 0.9999999 0.9999999 1.0 1.0 1.0 1.0 1.0 1.0 1.0 1.0 1.0 1.0 1.0 1.0 1.0 1.0 1.0 1.0 1.0 1.0 1.0 1.0 1.0 1.0 1.0 1.0 1.0 1.0 1.0 1.0 1.0 1.0 1.0 1.0 1.0 1.0 1.0 1.0 1.0 1.0 1.0 1.0 1.0 1.0 0.0
0.0 0.1457946 0.242991 0.34018740000000003 0.4373838 0.5345802 0.6317766 0.728973 0.8261694 0.9233658 1.020562 1.117759 1.214955 1.312151 1.409348 1.506544 1.603741 1.700937 1.798133 1.89533 2.041124 2.235518 2.42991 2.624303 2.818696 3.013089 3.207482 3.401875 3.596268 3.79066 4.130847 4.616829 5.102811 5.588793 6.074775 6.560757 7.046739 7.532721 8.018704 8.504685 8.990667 9.476649 9.962631 10.44861 10.9346 11.42058 11.90656 12.39254 12.87852 13.3645 13.85049 14.33647 14.82245 15.30843 15.79442 16.2804 16.76638 17.25236 17.73834 18.22433 18.71031 19.19629 19.92526 20.89723 21.86919 22.84115 23.81312 24.78508 25.75705 26.72901 27.70097 28.67294 29.6449 30.61687 31.58883 32.56079 33.53276 34.50472 35.47668 36.44865 37.42061 38.39258 39.85052 41.79445 43.73838 45.68231 47.62624 49.57016 51.51409 53.45802 55.40195 57.34588 59.2898 61.23373 63.17766 65.12159 67.06551 69.00945 70.95337 72.8973 74.84122 76.78516 78.72909 80.67301 82.61694 84.56086 86.5048 88.44872 90.39266 92.33658 94.28051 96.22443 98.16837 100.1123 102.0562 104.0001 105.9441 107.888 109.8319 111.7759 113.7198 115.6637 117.6076 119.5516 121.4955 123.4394 125.3834 127.3273 129.2712 131.2151 133.1591 135.103 137.0469 138.9908 140.9348 142.8787 144.0937 144.5796 145.0656 145.5516 146.0376 146.5236 147.0096 147.4956 147.9815 148.4675 148.9535 149.4395 149.9254 150.4114 150.8974 151.1527
0.00044604783313570326 0.0012935512708225675 0.002573757406919081 0.004484157134244924 0.007136443745583855 0.010662260456955987 0.01496197986266477 0.019982770328237916 0.02578695503013322 0.033209231582428875 0.04237427970609102 0.05278623765658539 0.06413811936864001 0.07654621666950827 0.09025670652329905 0.10514839199932476 0.1212384367885989 0.13851056979546084 0.15693059293907946 0.17661166562096062 0.19870252052113804 0.22373962830169336 0.2527571607830304 0.28460940926469863 0.31854647269113856 0.3539351088826005 0.3903009534611317 0.4274108054632899 0.4650061375752479 0.5028494109869889 0.5400683097784198 0.5756355317765486 0.6081267158615956 0.6381256485913552 0.6658948614457233 0.6907203573915571 0.7132627862911457 0.7336465650920572 0.7514975545272411 0.7676234949969192 0.7822099712563659 0.7950254507446678 0.8065816658854127 0.8170143161982687 0.8263035810611954 0.8348378604118564 0.8426076026457754 0.8496028390578437 0.8560739968676119 0.862024346144036 0.8674855323120785 0.8726003164051095 0.8773272594753239 0.881728772290312 0.8858956368026643 0.8897977629556757 0.8934880311845925 0.8970101215189169 0.9003402087534389 0.9035306632093318 0.9066065709870164 0.9095318699829363 0.9122879629312055 0.9148811071755074 0.91733784491457 0.9196922833012865 0.9219528194055834 0.9241285109847889 0.9262404545717772 0.9282906726875136 0.9302827211148873 0.9322303404000235 0.9341325449341286 0.9359911224105119 0.9378116598921413 0.939598134016444 0.9413489034924323 0.9430676029350147 0.9447568980343316 0.9464144438506289 0.9480430524763687 0.9496427168208401 0.9511958268953532 0.9527000978226451 0.9541573623428935 0.9555691441247077 0.9569403816395725 0.95826988197968 0.9595599266854878 0.9608145553766189 0.9620298677450615 0.9632124331257725 0.9643641785236723 0.9654823285511546 0.9665722713141854 0.9676355271445695 0.9686701727912914 0.9696805536087373 0.9706663580227349 0.9716283660114663 0.9725693304391039 0.9734893643399188 0.9743889928436071 0.9752691652712075 0.9761323020576886 0.976978022390173 0.977807357758524 0.9786225187960923 0.9794230984126608 0.9802104730403156 0.9809864620720143 0.9817498212965711 0.9825034453923732 0.9832482961934784 0.9839837668184669 0.9847125550742275 0.9854360824397146 0.9861592239871171 0.9868925515490576 0.9876474903460523 0.9884228733305325 0.98919661168722 0.989935786165822 0.9906170249495162 0.9912386350268362 0.991815274982399 0.9923689952582244 0.9929204706984475 0.9934694560478966 0.9939946312077587 0.9944514310609902 0.9948059286421713 0.9951143336837938 0.995447673001207 0.9957769651911864 0.9960129694879775 0.9962169287774008 0.9963962474298784 0.9966342971881696 0.9971934168316783 0.9980691617360683 0.9987085177768843 0.9990019860277685 0.9993077408119742 0.9996735122061419 0.9998639599376868 0.9999276728934511 0.9999726204917742 0.9999953351665508 0.9999996871111266 1.0 1.0
0.0005367236 0.0006488719 0.0008530884 0.001019522 0.001198773 0.001346528 0.001595059 0.002171125 0.002982541 0.003472468 0.004162994 0.00504008 0.006084704 0.007034007 0.00779891 0.008512982 0.009265043 0.01009029 0.01099482 0.01201094 0.01380829 0.01680944 0.01992801 0.02331275 0.02612074 0.02898331 0.03196079 0.03485581 0.0389133 0.04492637 0.05413088 0.06335592 0.07677509 0.08910491 0.1001433 0.1165669 0.1304486 0.1453746 0.1677165 0.1848635 0.2035762 0.2314182 0.2537614 0.2790186 0.3114191 0.3343683 0.3637134 0.4006988 0.426759 0.4592156 0.4952131 0.520654 0.5570983 0.5914605 0.6152965 0.649628 0.6787835 0.7006338 0.7325794 0.7557263 0.7733338 0.8031322 0.834736 0.866848 0.8940064 0.9145675 0.9319133 0.9471473 0.957898 0.9666228 0.9743684 0.9798533 0.984103 0.9877166 0.9905303 0.9925348 0.994184 0.9955975 0.9965331 0.997286 0.9979562 0.9984719 0.9990461 0.9994349 0.9996626 0.9998043 0.9998841 0.9999325 0.9999608 0.9999772 0.999987 0.9999925 0.9999958 0.9999976 0.9999987 0.9999993 0.9999996 0.9999998 0.9999999 0.9999999 1.0 1.0 1.0 1.0 1.0 1.0 1.0 1.0 1.0 1.0 1.0 1.0 1.0 1.0 1.0 1.0 1.0 1.0 1.0 1.0 1.0 1.0 1.0 1.0 1.0 1.0 1.0 1.0 1.0 1.0 1.0 1.0 1.0 1.0 1.0 1.0 1.0 1.0 1.0 1.0 1.0 1.0 1.0 1.0 1.0 1.0 1.0 1.0 1.0 1.0 1.0 0.0
0.0 0.1457946 0.242991 0.34018740000000003 0.4373838 0.5345802 0.6317766 0.728973 0.8261694 0.9233658 1.020562 1.117759 1.214955 1.312151 1.409348 1.506544 1.603741 1.700937 1.798133 1.89533 2.041124 2.235518 2.42991 2.624303 2.818696 3.013089 3.207482 3.401875 3.596268 3.79066 4.130847 4.616829 5.102811 5.588793 6.074775 6.560757 7.046739 7.532721 8.018704 8.504685 8.990667 9.476649 9.962631 10.44861 10.9346 11.42058 11.90656 12.39254 12.87852 13.3645 13.85049 14.33647 14.82245 15.30843 15.79442 16.2804 16.76638 17.25236 17.73834 18.22433 18.71031 19.19629 19.92526 20.89723 21.86919 22.84115 23.81312 24.78508 25.75705 26.72901 27.70097 28.67294 29.6449 30.61687 31.58883 32.56079 33.53276 34.50472 35.47668 36.44865 37.42061 38.39258 39.85052 41.79445 43.73838 45.68231 47.62624 49.57016 51.51409 53.45802 55.40195 57.34588 59.2898 61.23373 63.17766 65.12159 67.06551 69.00945 70.95337 72.8973 74.84122 76.78516 78.72909 80.67301 82.61694 84.56086 86.5048 88.44872 90.39266 92.33658 94.28051 96.22443 98.16837 100.1123 102.0562 104.0001 105.9441 107.888 109.8319 111.7759 113.7198 115.6637 117.6076 119.5516 121.4955 123.4394 125.3834 127.3273 129.2712 131.2151 133.1591 135.103 137.0469 138.9908 140.9348 142.8787 144.8226 146.7666 148.7105 150.6544 152.5983 154.5423 156.4862 158.4301 160.374 162.318 164.2619 166.2058 168.1498 170.0937 172.0376 173.9816 175.9255 177.8694 179.8133 181.7573 182.9722 183.4582 183.9442 184.4302 184.9162 185.4021 185.8881 186.3741 186.8601 187.346 187.832 188.318 188.804 188.9409
0.0007395173142051114 0.002255165845022296 0.004580919596894017 0.008177016307266029 0.012826270298847078 0.018407216294044522 0.025024441720193785 0.032678003279613836 0.04142136315875968 0.05123510891371624 0.06245915474603072 0.07563935767973998 0.09011910891136683 0.10573869420904258 0.12237420280516086 0.1398754383571082 0.15840571974417336 0.17782200726642974 0.19827152444491064 0.2198105969331789 0.24306635237901428 0.2678989223621867 0.29444484201660404 0.3225746680483951 0.3526705376359094 0.38432423863440357 0.4170258511395692 0.4503960690388393 0.4842396662480089 0.5182967719890849 0.5520231493042862 0.5843312598663147 0.6151156657130507 0.6435741302852456 0.6697462399018702 0.6934903359694813 0.7153715664510616 0.7354709306092561 0.7536686488454116 0.7700071871462691 0.7847635606409786 0.7981524321586536 0.8100308389525148 0.8208574217796959 0.8307784807234639 0.8398580408022644 0.8479968689077391 0.8554551395803041 0.8623339085028563 0.8686224589371108 0.8743898178560793 0.8797609409701034 0.8847781606104579 0.8893690476649933 0.893648238021999 0.8976709702705801 0.9014560019428676 0.9049817926379188 0.9083270350490464 0.9115086374027499 0.9145126116419567 0.9173488555614591 0.9199737468522257 0.9223922919240047 0.9246488295601295 0.9267720665246268 0.9287797887148906 0.9306958949433158 0.932524545135032 0.9342880666381657 0.9359861702708899 0.9376346711199981 0.9392336327730907 0.9407893698434179 0.9423089685007842 0.9437913181897712 0.9452458177247642 0.9466670917259251 0.9480652619622062 0.9494334431520186 0.9507790049767617 0.9520981042342593 0.95337765564936 0.9546176122401422 0.9558205523420529 0.9569886087723181 0.9581235239121965 0.9592274860661838 0.960301786427086 0.9613455396286944 0.9623615961775863 0.9633512825030095 0.9643157132105481 0.9652560758087676 0.9661733318069914 0.9670684269188965 0.9679428034084675 0.9687972765740478 0.9696313798365556 0.9704470803614424 0.9712437325523054 0.9720229564754006 0.9727853090285037 0.9735314333779181 0.9742619427187222 0.9749773526370018 0.9756782200305325 0.9763651046322057 0.9770388035146197 0.9776998286187112 0.9783476465376656 0.9789834277693529 0.9796076275523911 0.9802209672212808 0.9808238785236794 0.9814158187373907 0.9819978810021215 0.9825704164672325 0.9831338058482942 0.9836886449246722 0.9842353071216383 0.9847735109526808 0.9853040239241887 0.9858272336370134 0.9863435058211125 0.9868532122816918 0.9873567803112261 0.9878545412132652 0.9883468789435115 0.988834174622552 0.9893169689474994 0.9897958467622726 0.9902706784615708 0.9907417463419393 0.9912098462609267 0.9916757688108655 0.9921413665375199 0.9926107531941312 0.9930899578572715 0.9935783260201736 0.9940632819185237 0.9945244430937353 0.9949487242706577 0.9953339614457887 0.9956873602688194 0.9960202980600508 0.9963448617288038 0.9966655834104302 0.9969739921834929 0.9972547537158601 0.9974789368643285 0.9976634089487246 0.9978455704136228 0.9980343741501715 0.9981877676935416 0.9982800130511206 0.9984975713436508 0.9989027033374246 0.9992826566664609 0.9994583281459368 0.9995903250692445 0.9997768684083493 0.9999093250254573 0.9999546378736268 0.999979020680816 0.9999951041720863 0.9999995397109875 0.9999999824872459 1.0 1.0
0.001865638 0.002169534 0.002446157 0.002220648 0.002297397 0.002500652 0.002705131 0.002947778 0.003204575 0.00350377 0.003809761 0.004415077 0.005384033 0.006157219 0.006874413 0.007551219 0.00801958 0.008544478 0.009330502 0.01088014 0.01301918 0.01510481 0.0169162 0.01887932 0.02141371 0.02478035 0.02767744 0.02995174 0.03314692 0.03764347 0.04451487 0.05442882 0.06305613 0.07326257 0.08354138 0.09615096 0.1065193 0.1172126 0.1304274 0.1456054 0.160946 0.1760539 0.1983667 0.2157215 0.233071 0.2523267 0.2801784 0.3018931 0.3228313 0.3504927 0.3786855 0.4001898 0.4226728 0.458969 0.4864721 0.5089256 0.5346162 0.5694445 0.5917024 0.6131911 0.643245 0.6744689 0.7105744 0.7568012 0.7917074 0.8261951 0.8539033 0.8789051 0.9008246 0.9167705 0.9337633 0.9443751 0.9560345 0.9632266 0.9709983 0.9760654 0.9807971 0.9846031 0.9874163 0.9900886 0.9917906 0.993817 0.9958107 0.9973155 0.9982896 0.9989037 0.9993003 0.9995543 0.9997169 0.9998205 0.9998865 0.9999287 0.9999553 0.9999722 0.9999828 0.9999893 0.9999934 0.9999959 0.9999976 0.9999985 0.9999991 0.9999995 0.9999997 0.9999998 0.9999999 0.9999999 1.0 1.0 1.0 1.0 1.0 1.0 1.0 1.0 1.0 1.0 1.0 1.0 1.0 1.0 1.0 1.0 1.0 1.0 1.0 1.0 1.0 1.0 1.0 1.0 1.0 1.0 1.0 1.0 1.0 1.0 1.0 1.0 1.0 1.0 1.0 1.0 1.0 1.0 1.0 1.0 1.0 1.0 1.0 1.0 1.0 1.0 1.0 1.0 1.0 1.0 1.0 1.0 1.0 1.0 1.0 1.0 1.0 1.0 1.0 1.0 1.0 1.0 1.0 0.0
