1.0 2.0 3.0 4.0 5.0 6.0 7.0 8.0 9.0 10.0 11.0 12.0 13.0 14.0 15.0 16.0 17.0 18.0 19.0 20.0 22.0 24.0 26.0 28.0 30.0 35.0 40.0 45.0 50.0 55.0 60.0 65.0 70.0 75.0 80.0 85.0 90.0 95.0 100.0 110.0 120.0 130.0 140.0 150.0
0.0 1.0000000000000001e-11
1.0 1.0
0.0 0.0
0.0 0.36836290000000005 0.6139382 0.8595135 1.105089 1.350664 1.596239 1.841815 1.929831
0.0 0.0 0.0 0.9995898730311026 0.9995898730311026 0.9995898730311026 0.9995898730311026 0.9999999999999999 1.0
0.0 0.0 0.0 3.765e-06 0.0 0.0 0.0 0.0 0.0
0.0 0.36836290000000005 0.6139382 0.8595135 1.105089 1.350664 1.596239 1.841815 2.08739 2.332965 2.57854 2.824116 2.894746
5.894230236965425e-07 5.894230236965425e-07 0.0001248434209174611 0.0001248434209174611 0.0001248434209174611 0.0001248434209174611 0.0001248434209174611 0.9999250833833622 0.9999250833833622 0.9999250833833622 0.9999250833833622 1.0 1.0
1.0 0.0 0.03015 0.0 0.0 0.0 0.0 0.02406 0.0 0.0 0.0 0.0 0.0
0.0 0.36836290000000005 0.6139382 0.8595135 1.105089 1.350664 1.596239 1.841815 2.08739 2.332965 2.57854 2.824116 3.069691 3.315266 3.560841 3.806417 3.859662
5.1251495617320355e-17 1.145439668101092e-06 4.515211631104732e-05 0.00011109705952152791 0.004916741853876373 0.004916741853876373 0.01345062736270155 0.01345062736270155 0.01345062736270155 0.01345062736270155 0.01345062736270155 0.9998883241014441 0.9998883241014441 0.9998883241014441 0.9998883241014441 1.0 1.0
1.0 2.895e-05 0.0003577 0.01709 7.206e-05 0.0 0.0001705 0.0 0.0 0.0 0.0 0.01621 0.0 0.0 0.0 0.0 0.0
0.0 0.36836290000000005 0.6139382 0.8595135 1.105089 1.350664 1.596239 1.841815 2.08739 2.332965 2.57854 2.824116 3.069691 3.315266 3.560841 3.806417 4.051992 4.297567 4.543143 4.788718 4.824577
0.0 1.1741231475869251e-06 1.1327159351802607e-05 4.093997698245809e-05 0.0019663654087946334 0.009812571124772022 0.021878955728802343 0.035701313086335625 0.06083701961553363 0.06083701961553363 0.09094944948851734 0.09094944948851734 0.09094944948851734 0.09094944948851734 0.09094944948851734 0.9999176295439933 0.9999176295439933 0.9999176295439933 0.9999176295439933 1.0 1.0
0.0 0.9989 0.02947 0.2164 0.00283 0.0006836 0.002017 0.008648 0.02282 0.0 0.01238 0.0 0.0 0.0 0.0 0.1731 0.0 0.0 0.0 0.0 0.0
0.0 0.36836290000000005 0.6139382 0.8595135 1.105089 1.350664 1.596239 1.841815 2.08739 2.332965 2.57854 2.824116 3.069691 3.315266 3.560841 3.806417 4.051992 4.297567 4.543143 4.788718 5.034293 5.279868 5.525444 5.771019 5.789493
0.0 6.662492638022734e-10 5.072966844123712e-06 1.701988553732079e-05 0.0010039272668922827 0.004069089831916219 0.009403739456546191 0.016679927576369696 0.02988827699768202 0.07273649047880537 0.1345831552023908 0.20542223045707875 0.28181465155411134 0.28181465155411134 0.3207803233307644 0.3207803233307644 0.3207803233307644 0.3207803233307644 0.3207803233307644 0.999862207583267 0.999862207583267 0.999862207583267 0.999862207583267 0.9999999999999999 1.0
0.0 0.004923 0.005014 0.00504 0.005179 0.005724 0.005022 0.007745 0.01094 0.002785 0.003813 0.006329 0.01774 0.0 0.02262 0.0 0.0 0.0 0.0 0.3394 0.0 0.0 0.0 0.0 0.0
0.0 0.36836290000000005 0.6139382 0.8595135 1.105089 1.350664 1.596239 1.841815 2.08739 2.332965 2.57854 2.824116 3.069691 3.315266 3.560841 3.806417 4.051992 4.297567 4.543143 4.788718 5.034293 5.279868 5.525444 5.771019 6.016594
0.0 1.960108224910382e-07 3.0504305502963096e-06 9.762764278987937e-06 0.0005646943851245112 0.0022870847551736294 0.005297565118664068 0.009351661844738561 0.01873811392950648 0.038207946013622186 0.06883189579376639 0.11105969510609018 0.14960474926587175 0.23823416993361782 0.3364546314532081 0.4252488822499442 0.5076048122171649 0.5076048122171649 0.5506770466926967 0.5506770466926967 0.5506770466926967 0.5506770466926967 0.5506770466926967 1.0 1.0
0.0 0.9981 0.01004 0.01022 0.01123 0.01307 0.01865 0.01101 0.04843 0.0339 0.01334 0.02925 0.0507 0.01442 0.02894 0.0267 0.07477 0.0 0.1108 0.0 0.0 0.0 0.0 0.5477 0.0
0.0 0.36836290000000005 0.6139382 0.8595135 1.105089 1.350664 1.596239 1.841815 2.08739 2.332965 2.57854 2.824116 3.069691 3.315266 3.560841 3.806417 4.051992 4.297567 4.543143 4.788718 5.034293 5.279868 5.525444 5.771019 6.016594 6.262169 6.507745 6.75332 6.998895
0.0 2.509288280529825e-10 1.9056744906206274e-06 6.375856878725574e-06 0.0003757395063735286 0.0015176749041589531 0.0034971160852697004 0.006176860628120779 0.012189373693471953 0.02475288012280086 0.04497956583249931 0.0722260702304539 0.11008805755094349 0.15845072134738875 0.215226327876582 0.28061676458180207 0.32477355867132607 0.4147845877902692 0.508094085931405 0.574638996617404 0.6375877519185507 0.6375877519185507 0.6770923186598642 0.6770923186598642 0.6770923186598642 0.6770923186598642 0.6770923186598642 1.0 1.0
0.0 0.01624 0.01693 0.01715 0.01817 0.01877 0.01898 0.01953 0.02779 0.02216 0.027 0.02309 0.06716 0.05225 0.02685 0.05276 0.1021 0.02883 0.07147 0.06486 0.1634 0.0 0.2006 0.0 0.0 0.0 0.0 0.7131 0.0
0.0 0.36836290000000005 0.6139382 0.8595135 1.105089 1.350664 1.596239 1.841815 2.08739 2.332965 2.57854 2.824116 3.069691 3.315266 3.560841 3.806417 4.051992 4.297567 4.543143 4.788718 5.034293 5.279868 5.525444 5.771019 6.016594 6.262169 6.507745 6.75332 6.998895 7.244471 7.490046 7.735621 7.981196 8.226772 8.472347 8.684239
0.0 1.994746471020346e-10 2.5366235829766262e-06 6.081453395525885e-06 0.00030293798890939565 0.0012068612415505 0.002771800658640568 0.004886890059628125 0.009791371875680046 0.019687298620069474 0.03553147572266437 0.056942578825916995 0.0861097493236257 0.12325138712056867 0.16957552605260734 0.2219431739875357 0.2834380686232882 0.34570910387910897 0.4054642942336756 0.4685283411301623 0.5064936138031209 0.5796205000390445 0.6544716684296107 0.6995590903350194 0.7422598399277378 0.7422598399277378 0.7722382683081852 0.7722382683081852 0.7722382683081852 0.7722382683081852 0.7722382683081852 0.999999944163798 0.999999944163798 0.999999944163798 1.0 1.0
0.0 0.02209 0.4172 0.02357 0.0379 0.02561 0.02658 0.02761 0.06781 0.03037 0.03167 0.03294 0.05961 0.04267 0.07553 0.08372 0.1599 0.1239 0.05764 0.09936 0.1773 0.0504 0.1474 0.1094 0.2426 0.0 0.2563 0.0 0.0 0.0 0.0 0.792 0.0 0.0 0.0 0.0
0.0 0.36836290000000005 0.6139382 0.8595135 1.105089 1.350664 1.596239 1.841815 2.08739 2.332965 2.57854 2.824116 3.069691 3.315266 3.560841 3.806417 4.051992 4.297567 4.543143 4.788718 5.034293 5.279868 5.525444 5.771019 6.016594 6.262169 6.507745 6.75332 6.998895 7.244471 7.490046 7.735621 7.981196 8.226772 8.472347 8.717922 8.963497
0.0 1.7438840002891158e-10 1.3221330660351873e-06 4.416135859870975e-06 0.000260171234808094 0.0010484690710035733 0.0024147526109508676 0.004255180107259211 0.00837538546120272 0.01698316449034052 0.030835421916561405 0.04943230401761082 0.07484256631500696 0.10687714777764497 0.14554911300974996 0.1889930231651805 0.23780665755981523 0.28821326504142314 0.34469886724950854 0.4013067168257003 0.4692329094581169 0.5271274260902673 0.5761385029998829 0.6249138522103318 0.6659947143553103 0.7024454021788269 0.7783392843616842 0.7850285188931078 0.8134706534416902 0.8134706534416902 0.8354499345633392 0.8354499345633392 0.8354499345633392 0.8354499345633392 0.8354499345633392 1.0 1.0
0.0 0.02681 0.02809 0.02892 0.03082 0.03169 0.03519 0.03453 0.04187 0.03842 0.04591 0.04239 0.07271 0.04719 0.0499 0.05272 0.09242 0.07189 0.1452 0.1398 0.2927 0.1979 0.1017 0.1599 0.2139 0.0929 0.2331 0.1469 0.3344 0.0 0.3222 0.0 0.0 0.0 0.0 0.848 0.0
0.0 0.36836290000000005 0.6139382 0.8595135 1.105089 1.350664 1.596239 1.841815 2.08739 2.332965 2.57854 2.824116 3.069691 3.315266 3.560841 3.806417 4.051992 4.297567 4.543143 4.788718 5.034293 5.279868 5.525444 5.771019 6.016594 6.262169 6.507745 6.75332 6.998895 7.244471 7.490046 7.735621 7.981196 8.226772 8.472347 8.717922 8.963497 9.209073 9.454648 9.700223 9.945799
0.0 1.580161421267495e-10 1.197239211522447e-06 3.99775499620173e-06 0.00023546251250963104 0.0009486720252637732 0.0021811578068538294 0.0038437237279117147 0.0076114082317191205 0.015387075093617688 0.028078503110220712 0.04486248960678931 0.06768518173615852 0.09660731762905772 0.13235426031819333 0.17164674503632465 0.217277232699381 0.2623672583153375 0.3091365276054438 0.35654493108483676 0.4068475864282339 0.4550296747855749 0.5087531690375036 0.556842871979487 0.6138611513555161 0.657283082414434 0.6909742654304133 0.7243406751560938 0.7607871635501406 0.7754460890332714 0.8311300351973243 0.8311300351973243 0.8498363087538089 0.8498363087538089 0.8653726181827852 0.8653726181827852 0.8653726181827852 0.8653726181827852 0.8653726181827852 1.0 1.0
0.0 0.03069 0.03207 0.03348 0.03537 0.03702 0.0388 0.04072 0.05994 0.04566 0.06739 0.0509 0.07734 0.05737 0.08229 0.0651 0.1334 0.07394 0.0786 0.08334 0.1477 0.1401 0.2689 0.2399 0.4093 0.2871 0.1584 0.2253 0.2367 0.1923 0.3184 0.0 0.4312 0.0 0.4038 0.0 0.0 0.0 0.0 0.9016 0.0
0.0 0.36836290000000005 0.6139382 0.8595135 1.105089 1.350664 1.596239 1.841815 2.08739 2.332965 2.57854 2.824116 3.069691 3.315266 3.560841 3.806417 4.051992 4.297567 4.543143 4.788718 5.034293 5.279868 5.525444 5.771019 6.016594 6.262169 6.507745 6.75332 6.998895 7.244471 7.490046 7.735621 7.981196 8.226772 8.472347 8.717922 8.963497 9.209073 9.454648 9.700223 9.945799 10.19137 10.43695 10.68252 10.9281
0.0 6.63748212658383e-05 6.751600955523258e-05 7.013946562942453e-05 0.00028617227806076214 0.0009513089733075325 0.002099848067321218 0.0036480179409859744 0.007095153123783809 0.014335058406080136 0.02599774732540657 0.04161389115626431 0.06259951375380521 0.08951891025699736 0.12288630300683002 0.1595137074936347 0.20069717177338448 0.2428402705438737 0.28842179148650704 0.33288717281749913 0.38281599001427535 0.4258503305622273 0.46696773509378536 0.505544295072682 0.5455136597647545 0.582046370426642 0.6280313960988436 0.6642731982934152 0.7113638283980854 0.7433707832556035 0.7663600053830583 0.7891955931645419 0.8127401150087481 0.8224259450895384 0.859995523665237 0.859995523665237 0.8728269495079805 0.8728269495079805 0.8841384215846717 0.8841384215846717 0.8841384215846717 0.8841384215846717 0.8841384215846717 1.0 1.0
0.0 7.918e-08 0.0362 0.03825 0.0404 0.04221 0.04422 0.04642 0.04924 0.05217 0.06234 0.05847 0.07454 0.06636 0.09395 0.07595 0.1154 0.08722 0.1291 0.09981 0.2092 0.1134 0.1205 0.1277 0.2243 0.2199 0.4322 0.3426 0.5405 0.3892 0.2356 0.3127 0.3227 0.2582 0.4188 0.0 0.5402 0.0 0.5032 0.0 0.0 0.0 0.0 0.9389 0.0
0.0 0.36836290000000005 0.6139382 0.8595135 1.105089 1.350664 1.596239 1.841815 2.08739 2.332965 2.57854 2.824116 3.069691 3.315266 3.560841 3.806417 4.051992 4.297567 4.543143 4.788718 5.034293 5.279868 5.525444 5.771019 6.016594 6.262169 6.507745 6.75332 6.998895 7.244471 7.490046 7.735621 7.981196 8.226772 8.472347 8.717922 8.963497 9.209073 9.454648 9.700223 9.945799 10.19137 10.43695 10.68252 10.9281 11.17367 11.41925 11.66483 11.9104
1.0408438001896008e-16 0.0002465705940492051 0.002544656918739495 0.011718428376966033 0.025286735044614275 0.029847684340799707 0.0309037123059693 0.032325911182386764 0.035492736995749154 0.042143588385344474 0.052774328495646186 0.06711314724231475 0.08612885628515823 0.11085725530816744 0.14160735659446275 0.1753010705014354 0.21309908402042319 0.25195626371105107 0.29460583785380534 0.3357264112041029 0.37945494488585974 0.4194070465085244 0.46022239434647993 0.4962249824545059 0.5363970212956545 0.5676493976969174 0.5966660567722792 0.6235105779610716 0.6520211555046653 0.6778243638444882 0.7146955762663811 0.7406278835295592 0.7829027834715088 0.8002940071425176 0.8154957332105942 0.8309843059372485 0.846515139713399 0.8530058833893555 0.8795384011881482 0.8888998461849072 0.8888998461849072 0.8888998461849072 0.8974464871456053 0.8974464871456053 0.8974464871456053 0.8974464871456053 0.8974464871456053 1.0 1.0
1.0 2.148e-08 1.818e-05 1.109e-05 0.0006536 0.006268 0.04904 0.05161 0.05482 0.05818 0.06169 0.06547 0.06976 0.07462 0.1051 0.08581 0.1229 0.09913 0.1531 0.1144 0.1786 0.1314 0.1942 0.1501 0.2982 0.1706 0.1814 0.1925 0.3093 0.3101 0.5658 0.4478 0.698 0.3465 0.3357 0.4225 0.437 0.3555 0.5445 0.6634 0.0 0.0 0.6238 0.0 0.0 0.0 0.0 0.964 0.0
0.0 0.36836290000000005 0.6139382 0.8595135 1.105089 1.350664 1.596239 1.841815 2.08739 2.332965 2.57854 2.824116 3.069691 3.315266 3.560841 3.806417 4.051992 4.297567 4.543143 4.788718 5.034293 5.279868 5.525444 5.771019 6.016594 6.262169 6.507745 6.75332 6.998895 7.244471 7.490046 7.735621 7.981196 8.226772 8.472347 8.717922 8.963497 9.209073 9.454648 9.700223 9.945799 10.19137 10.43695 10.68252 10.9281 11.17367 11.41925 11.66483 11.9104 12.15598 12.40155 12.64713 12.8927
3.963069132571121e-11 0.00014952222575174276 0.002466548463393893 0.013124245002444255 0.03878997941222903 0.06435583836013732 0.08725042285115603 0.1047501950996605 0.11966651797470519 0.12861683526620538 0.1378189875402473 0.15022882187536424 0.16668820467400827 0.1881010518418338 0.2140162661673312 0.24323115259389452 0.2749272087501583 0.30868919141387763 0.3455889875189069 0.3814125500078217 0.4193820474268116 0.4543042504486217 0.49106178480035595 0.5226698758952867 0.5556414008833531 0.5832480639887048 0.6116950365493036 0.6356112509953885 0.6640452571817874 0.6844764565040821 0.7032381393737912 0.7203820755133593 0.7391954126851366 0.756160506179349 0.78447140548343 0.8021570290954657 0.8368904092929905 0.8463158950838614 0.8561229851966382 0.8663763125863522 0.8776703388507656 0.8807785039898568 0.8995272057508499 0.906428099192967 0.906428099192967 0.906428099192967 0.9128514764361424 0.9128514764361424 0.9128514764361424 0.9128514764361424 0.9128514764361424 1.0 1.0
1.0 7.146e-07 1.689e-05 8.959e-06 0.0003248 0.001053 0.002136 0.003967 0.01103 0.04102 0.06772 0.07199 0.07681 0.08228 0.08829 0.09488 0.1021 0.11 0.1597 0.1274 0.1881 0.1472 0.2323 0.1695 0.2664 0.1944 0.2835 0.222 0.4053 0.2515 0.2666 0.2817 0.4163 0.4234 0.6927 0.5633 0.8031 0.3591 0.4575 0.545 0.5409 0.5287 0.6718 0.7727 0.0 0.0 0.7362 0.0 0.0 0.0 0.0 0.9794 0.0
0.0 0.36836290000000005 0.6139382 0.8595135 1.105089 1.350664 1.596239 1.841815 2.08739 2.332965 2.57854 2.824116 3.069691 3.315266 3.560841 3.806417 4.051992 4.297567 4.543143 4.788718 5.034293 5.279868 5.525444 5.771019 6.016594 6.262169 6.507745 6.75332 6.998895 7.244471 7.490046 7.735621 7.981196 8.226772 8.472347 8.717922 8.963497 9.209073 9.454648 9.700223 9.945799 10.19137 10.43695 10.68252 10.9281 11.17367 11.41925 11.66483 11.9104 12.15598 12.40155 12.64713 12.8927 13.13828 13.38385 13.62943 13.875 14.12058 14.36615 14.47373
0.0 0.00014683240397445264 0.0017262822026722824 0.008819463718436896 0.03566295325047815 0.06880267359203619 0.10017425195180418 0.12754621947618047 0.15523465985776966 0.18104847681822095 0.20484602499452376 0.22673070631207423 0.24828373330889597 0.26851245634189547 0.2907236152533725 0.315781993552104 0.34299433714756866 0.3720117326886933 0.40227552098181474 0.43314244215094677 0.4639667560098232 0.494150830568599 0.525509540783944 0.5529390957103661 0.581166426475961 0.6052521032112074 0.6309691389556833 0.6519843978475073 0.6746546695590726 0.6927782525715638 0.711899976290303 0.7272985308052453 0.7468100070433316 0.7597910669779185 0.7717012738230091 0.7826102629036528 0.7953120718254963 0.8076481798704507 0.8303132773109665 0.8451952494999068 0.8705761418076222 0.8765761327068539 0.8831820953322781 0.8903353715736487 0.9003983268177808 0.9095191816334763 0.9145578091796812 0.9199583287302562 0.9199583287302562 0.9199583287302562 0.9250115680053383 0.9250115680053383 0.9250115680053383 0.9250115680053383 0.9250115680053383 0.9999999920197614 0.9999999920197614 0.9999999920197614 1.0 1.0
0.0 3.054e-08 2.258e-05 1.239e-05 0.0002869 0.0007527 0.001447 0.002359 0.00553 0.01326 0.02444 0.03816 0.05492 0.08166 0.09673 0.104 0.1121 0.1208 0.1302 0.1403 0.151 0.1625 0.2362 0.1878 0.2728 0.2164 0.3273 0.2485 0.3667 0.2834 0.3887 0.3204 0.5213 0.3586 0.3778 0.3969 0.5409 0.5821 0.7994 0.7314 0.8618 0.4873 0.5921 0.6711 0.6677 0.8583 0.648 0.8584 0.0 0.0 0.8298 0.0 0.0 0.0 0.0 0.9886 0.0 0.0 0.0 0.0
0.0 0.36836290000000005 0.6139382 0.8595135 1.105089 1.350664 1.596239 1.841815 2.08739 2.332965 2.57854 2.824116 3.069691 3.315266 3.560841 3.806417 4.051992 4.297567 4.543143 4.788718 5.034293 5.279868 5.525444 5.771019 6.016594 6.262169 6.507745 6.75332 6.998895 7.244471 7.490046 7.735621 7.981196 8.226772 8.472347 8.717922 8.963497 9.209073 9.454648 9.700223 9.945799 10.19137 10.43695 10.68252 10.9281 11.17367 11.41925 11.66483 11.9104 12.15598 12.40155 12.64713 12.8927 13.13828 13.38385 13.62943 13.875 14.12058 14.36615 14.61173 14.8573 15.10288 15.34845 15.43865
0.0 9.324296471557702e-05 0.0012421607173880305 0.005851895823684971 0.03097783115465949 0.06340307385352828 0.09431699723712941 0.12152968385170786 0.1529885878703943 0.18728985371526488 0.22049924280287325 0.2511134415716936 0.28048539784656157 0.30956367065824525 0.33863189944146155 0.3670492064189113 0.39464356611525325 0.4209156748952786 0.44742692487143143 0.4745031207519705 0.5015823126507809 0.5281427759106717 0.5537286246038432 0.577960361445408 0.6007282142905017 0.6221151777567491 0.6447217171196984 0.6635074442040557 0.6835160035131707 0.6998538387803309 0.7179484433875252 0.7319770877489412 0.7477118932991301 0.75969978508042 0.7728937362956525 0.7831487286529728 0.7973165920896574 0.8060591551314981 0.8141093064260176 0.8214993342094731 0.8306665165359719 0.8516296662044407 0.8590895282269008 0.8709314279670262 0.8926880485171664 0.8980148707737284 0.901703593027086 0.9097942887983776 0.9135246557057087 0.9212816613468813 0.9250053191378863 0.9294983200404667 0.9294983200404667 0.9294983200404667 0.9337196262893732 0.9337196262893732 0.9337196262893732 0.9337196262893732 0.999999998243459 0.999999998243459 0.999999998243459 0.999999998243459 1.0 1.0
0.0 4.391e-08 2.847e-05 1.765e-05 0.000285 0.0007174 0.001374 0.002229 0.00458 0.009405 0.01654 0.02581 0.03817 0.05387 0.07018 0.08724 0.1053 0.1274 0.1422 0.1533 0.1652 0.178 0.1916 0.206 0.2215 0.238 0.3392 0.2738 0.3801 0.3131 0.4416 0.3551 0.4867 0.3992 0.5139 0.4441 0.6431 0.4883 0.5096 0.5303 0.6674 0.8723 0.6853 0.8263 0.9173 0.7051 0.6289 0.9456 0.6661 0.9162 0.7646 0.9167 0.0 0.0 0.8969 0.0 0.0 0.0 0.9938 0.0 0.0 0.0 0.0 0.0
0.0 0.36836290000000005 0.6139382 0.8595135 1.105089 1.350664 1.596239 1.841815 2.08739 2.332965 2.57854 2.824116 3.069691 3.315266 3.560841 3.806417 4.051992 4.297567 4.543143 4.788718 5.034293 5.279868 5.525444 5.771019 6.016594 6.262169 6.507745 6.75332 6.998895 7.244471 7.490046 7.735621 7.981196 8.226772 8.472347 8.717922 8.963497 9.209073 9.454648 9.700223 9.945799 10.19137 10.43695 10.68252 10.9281 11.17367 11.41925 11.66483 11.9104 12.15598 12.40155 12.64713 12.8927 13.13828 13.38385 13.62943 13.875 14.12058 14.36615 14.61173 14.8573 15.10288 15.34845 15.59403 15.83961 16.08518 16.33076 16.40356
0.0 4.605739644940891e-05 0.0008288000851574412 0.003510054740515365 0.023475572281570545 0.051859947912959246 0.08033415497837955 0.10582597316846676 0.13591338874481387 0.17056808687870617 0.20574372383438974 0.23969150899396988 0.27292123206194696 0.30678218180579836 0.34095611723219016 0.3741713268016673 0.4055842840168127 0.43529759022573566 0.46415933962588884 0.49185885494227655 0.518363032628405 0.5429790066154476 0.5662707429683795 0.5883741675995475 0.6091895474800045 0.6287926401250167 0.6472366837975247 0.6645613192577294 0.68079941921137 0.6959810175140563 0.7124607979146292 0.7256190868272869 0.7400600473037322 0.7514329671619205 0.7646631236775563 0.7745282580327878 0.7862446640221408 0.7948016680252685 0.8047072756408684 0.8121010583476425 0.8233490614328706 0.8297219975622471 0.8356352757228893 0.8411120045477726 0.8484111179876818 0.8676005906599626 0.873605448750564 0.883838322250697 0.9037601224820576 0.9080273464393134 0.9128944714909097 0.917790856836013 0.920701999413803 0.927730422600049 0.9307481522125923 0.9347566429761165 0.9347566429761165 0.9385400468137512 0.9385400468137512 0.9385400468137512 0.9385400468137512 0.9385400468137512 0.9999999979156823 0.9999999979156823 0.9999999979156823 0.9999999979156823 1.0 1.0
0.0 8.314e-08 3.927e-05 2.878e-05 0.0003405 0.0007818 0.00143 0.002293 0.004633 0.009028 0.01518 0.02265 0.03288 0.04512 0.05831 0.073 0.09056 0.1104 0.1281 0.1472 0.1661 0.1894 0.208 0.2238 0.2407 0.2587 0.2777 0.2978 0.3188 0.3406 0.453 0.3864 0.5007 0.4344 0.5669 0.4836 0.6142 0.5324 0.6433 0.5792 0.7568 0.6229 0.6433 0.6626 0.7783 0.9263 0.7944 0.8949 0.9531 0.8097 0.8553 0.9547 0.779 0.9526 0.8535 0.9534 0.0 0.9409 0.0 0.0 0.0 0.0 0.9967 0.0 0.0 0.0 0.0 0.0
0.0 0.36836290000000005 0.6139382 0.8595135 1.105089 1.350664 1.596239 1.841815 2.08739 2.332965 2.57854 2.824116 3.069691 3.315266 3.560841 3.806417 4.051992 4.297567 4.543143 4.788718 5.034293 5.279868 5.525444 5.771019 6.016594 6.262169 6.507745 6.75332 6.998895 7.244471 7.490046 7.735621 7.981196 8.226772 8.472347 8.717922 8.963497 9.209073 9.454648 9.700223 9.945799 10.19137 10.43695 10.68252 10.9281 11.17367 11.41925 11.66483 11.9104 12.15598 12.40155 12.64713 12.8927 13.13828 13.38385 13.62943 13.875 14.12058 14.36615 14.61173 14.8573 15.10288 15.34845 15.59403 15.83961 16.08518 16.33076 16.57633 16.82191 17.06748 17.31306 17.36848
0.0 4.503875209579117e-05 0.0006828368031116138 0.0029740485258526756 0.01946246649305641 0.04287853612169895 0.0667917409817751 0.08821693917526724 0.11398250118904435 0.14554872324082044 0.17964606515549866 0.2140179111191879 0.24930710354474936 0.28602048525447143 0.3233300991887363 0.35995708751463107 0.39496730642106875 0.4282414799941071 0.460481978094702 0.4909263140331286 0.5192260901583473 0.5453920381101345 0.5697148576272776 0.5919546805983864 0.6123290670763326 0.6308136780950242 0.648009045902173 0.6642066167854206 0.6794357541811062 0.6937225283610526 0.7070930759024078 0.7195734695327468 0.7312202529605013 0.7421094931289358 0.7544059361393498 0.7639596765363277 0.7749291707065665 0.7833279828361472 0.7936197702708928 0.8009933056026375 0.8102439078728492 0.8167246591823191 0.8246311812807586 0.8303389303669748 0.8398495231870953 0.8448610859979291 0.8495434993482418 0.8539040273548429 0.8600717438537256 0.8791510276939263 0.883349193603548 0.8925457054623844 0.9113008029184914 0.9149144922922678 0.9191176802163844 0.9234274060646219 0.9258980038995416 0.9328704165674334 0.9350300667360785 0.9387197051769847 0.9387197051769847 0.9422258104759436 0.9422258104759436 0.9422258104759436 0.9422258104759436 0.9422258104759436 0.999999998410072 0.999999998410072 0.999999998410072 0.999999998410072 1.0 1.0
0.0 7.987e-08 4.547e-05 3.209e-05 0.0003908 0.0009033 0.001635 0.002641 0.00526 0.009656 0.01529 0.0219 0.03039 0.04095 0.05265 0.06535 0.08025 0.09738 0.1134 0.1325 0.154 0.1765 0.1975 0.2208 0.2446 0.2735 0.2977 0.3191 0.3414 0.3647 0.3886 0.4133 0.4384 0.464 0.5771 0.5158 0.6257 0.567 0.6879 0.6163 0.731 0.6624 0.757 0.7046 0.8446 0.742 0.7588 0.7744 0.8612 0.961 0.846 0.939 0.9741 0.8838 0.9138 0.974 0.8652 0.96 0.9463 0.9745 0.0 0.9671 0.0 0.0 0.0 0.0 0.9983 0.0 0.0 0.0 0.0 0.0
0.0 0.36836290000000005 0.6139382 0.8595135 1.105089 1.350664 1.596239 1.841815 2.08739 2.332965 2.57854 2.824116 3.069691 3.315266 3.560841 3.806417 4.051992 4.297567 4.543143 4.788718 5.034293 5.279868 5.525444 5.771019 6.016594 6.262169 6.507745 6.75332 6.998895 7.244471 7.490046 7.735621 7.981196 8.226772 8.472347 8.717922 8.963497 9.209073 9.454648 9.700223 9.945799 10.19137 10.43695 10.68252 10.9281 11.17367 11.41925 11.66483 11.9104 12.15598 12.40155 12.64713 12.8927 13.13828 13.38385 13.62943 13.875 14.12058 14.36615 14.61173 14.8573 15.10288 15.34845 15.59403 15.83961 16.08518 16.33076 16.57633 16.82191 17.06748 17.31306 17.55863
0.0 2.4200878254249726e-05 0.0004638282571325831 0.0020372526014784216 0.014996583875937936 0.03424712141221939 0.054206897524944044 0.072125611598895 0.093911748201396 0.12158987408018565 0.1524952273988671 0.1846668404937015 0.2188608887429116 0.25596625640182846 0.2947682790589927 0.3338372420370611 0.37246451333051295 0.4097066909735841 0.4454313116644386 0.4790248301429596 0.5098371349909966 0.5383208459927799 0.5646219330901177 0.5882903059240835 0.6094739456979648 0.6286168402251736 0.646202483013164 0.6623294430646999 0.6772000252890371 0.6908164570538946 0.7034868862108552 0.7153549816614264 0.726472247907451 0.7369086468882321 0.7467229840584557 0.7559640110211632 0.7646726799087501 0.7728836266576103 0.782558703002463 0.7898578459558359 0.7986146279507563 0.805123175695752 0.8135534064281892 0.8193836679040524 0.8271216121210879 0.8323475791573388 0.8390275900131519 0.843693839433204 0.8520692332073544 0.8562066878494858 0.8600888326156055 0.863718624231991 0.8691108088912446 0.8874267041317221 0.8910409311873542 0.8994674512774281 0.9173356480621305 0.9204940309302079 0.9242255815721435 0.928064861174497 0.9302576560699921 0.9367878242619541 0.938733989139434 0.9421842308512878 0.9421842308512878 0.9454848926648318 0.9454848926648318 0.9454848926648318 0.9454848926648318 0.9454848926648318 0.9999999999999999 1.0
0.0 1.39e-07 6.193e-05 4.433e-05 0.0004769 0.001057 0.001887 0.003045 0.006008 0.01067 0.0164 0.02283 0.03068 0.03972 0.04974 0.06033 0.0718 0.08606 0.1014 0.119 0.1402 0.1607 0.181 0.2057 0.2333 0.2621 0.2891 0.3187 0.3484 0.3821 0.4106 0.4362 0.4624 0.4889 0.5156 0.5423 0.5688 0.5948 0.6961 0.6451 0.7397 0.6919 0.791 0.7348 0.8248 0.7728 0.8446 0.8059 0.9058 0.834 0.8462 0.8575 0.9168 0.9788 0.9071 0.9656 0.986 0.9318 0.9503 0.9852 0.9216 0.9782 0.97 0.9863 0.0 0.9821 0.0 0.0 0.0 0.0 0.9991 0.0
0.0 0.7367258000000001 1.227876 1.719027 2.210177 2.701328 3.192479 3.683629 4.17478 4.66593 5.157081 5.648231 6.139382 6.630532 7.121683 7.612833 8.103984 8.595135 9.086285 9.577436 10.06859 10.55974 11.05089 11.54204 12.03319 12.52434 13.01549 13.50664 13.99779 14.48894 14.98009 15.47124 15.96239 16.45354 16.94469 17.43584 17.92699 18.41815 18.9093 19.29831
5.256185803146491e-05 0.005688588925567372 0.0371466018686722 0.06856242878190905 0.1186914068303131 0.17699879682347 0.24801116123970504 0.3247812875878697 0.4010614783813329 0.47264383799679716 0.5358773028293764 0.5871387073589032 0.6284049452323242 0.6621397316749301 0.690223117633597 0.7139897514105822 0.7343542235793733 0.752379136823142 0.7685316023304475 0.7830301927541196 0.7979075635291003 0.8115382877595538 0.8244990453794458 0.8364383106980497 0.8470024509333808 0.8588494610186618 0.8659852704564712 0.8742000825254937 0.8948262760573709 0.919635409196972 0.925687274899127 0.9318866910173099 0.9415674639405188 0.9448476662226161 0.9480091194230135 0.9480091194230135 0.9480091194230135 0.9999999999283224 0.9999999999999999 1.0
9.233e-08 2.629e-05 0.001352 0.003581 0.012 0.02552 0.04187 0.06174 0.08435 0.1122 0.1454 0.1908 0.2437 0.3048 0.3709 0.4377 0.5057 0.5641 0.6172 0.6677 0.7492 0.7887 0.8292 0.8585 0.8785 0.9181 0.8978 0.9337 0.9803 0.9879 0.9632 0.9884 0.9846 0.9927 0.9903 0.0 0.0 0.9995 0.0 0.0
0.0 0.7367258000000001 1.227876 1.719027 2.210177 2.701328 3.192479 3.683629 4.17478 4.66593 5.157081 5.648231 6.139382 6.630532 7.121683 7.612833 8.103984 8.595135 9.086285 9.577436 10.06859 10.55974 11.05089 11.54204 12.03319 12.52434 13.01549 13.50664 13.99779 14.48894 14.98009 15.47124 15.96239 16.45354 16.94469 17.43584 17.92699 18.41815 18.9093 19.40045 19.8916 20.38275 20.8739 21.22814
2.8079668992327352e-05 0.003043926020231496 0.02450966361716245 0.04670227988787941 0.08612345755904648 0.1362946527917254 0.2017557273961045 0.27630817587603596 0.352733604250027 0.42604234378577804 0.49206402552580497 0.5479684036680602 0.5941757862170386 0.6325799093814595 0.6644177090439993 0.6904597081311807 0.7122322374182638 0.7309200423952199 0.747338243086799 0.7619981687997375 0.7752454961610452 0.7874322279059386 0.7987253919550588 0.8092064222168432 0.8206251752309057 0.831323085896482 0.841743399271891 0.8514843092545127 0.8601531600053827 0.8702412495568705 0.875964972773585 0.8828457401989925 0.9027075932562347 0.9276180883231351 0.931548140315857 0.9382049890509352 0.9458091970478425 0.948851440657278 0.951830197743368 0.951830197743368 0.951830197743368 0.9999999999615957 1.0 1.0
1.579e-07 4.609e-05 0.001895 0.004894 0.01466 0.02922 0.04531 0.06372 0.0849 0.1112 0.1423 0.1791 0.2223 0.2731 0.3335 0.4068 0.4823 0.5568 0.6255 0.6868 0.7416 0.7851 0.8216 0.853 0.8973 0.917 0.9358 0.9485 0.9567 0.9723 0.9637 0.9777 0.9943 0.9967 0.9845 0.9951 0.9963 0.9979 0.9971 0.0 0.0 0.9999 0.0 0.0
0.0 0.7367258000000001 1.227876 1.719027 2.210177 2.701328 3.192479 3.683629 4.17478 4.66593 5.157081 5.648231 6.139382 6.630532 7.121683 7.612833 8.103984 8.595135 9.086285 9.577436 10.06859 10.55974 11.05089 11.54204 12.03319 12.52434 13.01549 13.50664 13.99779 14.48894 14.98009 15.47124 15.96239 16.45354 16.94469 17.43584 17.92699 18.41815 18.9093 19.40045 19.8916 20.38275 20.8739 21.36505 21.8562 22.34735 22.8385 23.15797
3.9819446970356736e-05 0.0022404985842191943 0.01825934831723872 0.03478242813719604 0.06583125490256461 0.10814922946368286 0.166202266241693 0.23526922918301646 0.30829170257343436 0.38027630511055033 0.44659257384581075 0.5037986046673971 0.5517507037147055 0.5920790222369395 0.625968592539801 0.6544113472526982 0.6784949363264592 0.6992099613460492 0.717241340453639 0.7330302534870355 0.7471620653049607 0.7600519144255291 0.77197487518095 0.7831010609449592 0.7935251281327045 0.803332887362131 0.8125621825352062 0.8212283132956194 0.8310282827225125 0.840297867775904 0.8494584348866524 0.8580856117227953 0.8657567499250621 0.8749257207887328 0.8798114986901819 0.8859167441467413 0.90657806569792 0.9306151910062547 0.9356922119980214 0.9405055467005511 0.9478326123701106 0.9507579843026801 0.9536741130893559 0.9536741130893559 0.9999999999931557 0.9999999999931557 1.0 1.0
1.024e-07 5.964e-05 0.002439 0.006385 0.01826 0.0344 0.05127 0.0697 0.09091 0.1168 0.1472 0.1826 0.2231 0.2703 0.3254 0.3867 0.4531 0.5226 0.5935 0.6654 0.7277 0.7811 0.8252 0.861 0.8901 0.912 0.9295 0.9435 0.9626 0.9704 0.9777 0.9825 0.9854 0.991 0.9875 0.9927 0.9984 0.999 0.9966 0.998 0.9989 0.9994 0.9991 0.0 1.0 0.0 0.0 0.0
0.0 0.7367258000000001 1.227876 1.719027 2.210177 2.701328 3.192479 3.683629 4.17478 4.66593 5.157081 5.648231 6.139382 6.630532 7.121683 7.612833 8.103984 8.595135 9.086285 9.577436 10.06859 10.55974 11.05089 11.54204 12.03319 12.52434 13.01549 13.50664 13.99779 14.48894 14.98009 15.47124 15.96239 16.45354 16.94469 17.43584 17.92699 18.41815 18.9093 19.40045 19.8916 20.38275 20.8739 21.36505 21.8562 22.34735 22.8385 23.32965 23.8208 24.31195
6.648041684820606e-05 0.0032948263754128404 0.019528008981752266 0.0344923847967393 0.0608941261443611 0.09745312939548298 0.14871007499833083 0.2110605644200751 0.27831584610677434 0.34602138045412695 0.4095927142233349 0.46545096008828213 0.5130787670835572 0.55378251626531 0.5884816769073158 0.6179476560333725 0.6431283663901238 0.6649470445011617 0.6840810094665635 0.7010274302054594 0.7162335043206328 0.730091850953373 0.7428610940138656 0.75470490994657 0.7657973781100429 0.7762538981580644 0.7861529929365589 0.795539289866435 0.804442303164316 0.812890530331425 0.8208904302119723 0.828436103891968 0.837244233575815 0.8456121353146233 0.8539720015636003 0.8618900042818946 0.8689222121263421 0.8775102302935041 0.8818234675773242 0.8873902692713272 0.9083872841654416 0.9325297021616225 0.9372491344387449 0.9417249734939348 0.9489075962776193 0.9517659123499574 0.9546679363788422 0.9546679363788422 1.0 1.0
5.54e-08 3.775e-05 0.002273 0.006732 0.0208 0.0389 0.05731 0.07712 0.09972 0.1266 0.1581 0.1938 0.2327 0.2774 0.329 0.3866 0.449 0.5145 0.5806 0.6448 0.7051 0.7597 0.8082 0.851 0.8843 0.9105 0.9307 0.9462 0.9584 0.9673 0.9743 0.9797 0.9871 0.99 0.9926 0.9942 0.9952 0.9971 0.9958 0.9976 0.9995 0.9997 0.9989 0.9994 0.9997 0.9998 0.9997 0.0 1.0 0.0
0.0 0.7367258000000001 1.227876 1.719027 2.210177 2.701328 3.192479 3.683629 4.17478 4.66593 5.157081 5.648231 6.139382 6.630532 7.121683 7.612833 8.103984 8.595135 9.086285 9.577436 10.06859 10.55974 11.05089 11.54204 12.03319 12.52434 13.01549 13.50664 13.99779 14.48894 14.98009 15.47124 15.96239 16.45354 16.94469 17.43584 17.92699 18.41815 18.9093 19.40045 19.8916 20.38275 20.8739 21.36505 21.8562 22.34735 22.8385 23.32965 23.8208 24.31195 24.8031 25.29425 25.7854 26.27655
6.409720107041874e-05 0.00456045495154012 0.02650645741038931 0.04448332050747522 0.07133936012317227 0.10551043755482303 0.15227665429011444 0.20869501067229704 0.26977193198162597 0.331749111987062 0.3905284065003196 0.44277833279787054 0.4878427418305962 0.5268098125178187 0.560446334027531 0.5893683172994916 0.6143784410226302 0.6362846933934899 0.6556701133586657 0.6729637248506556 0.6885659953937564 0.7028455354665839 0.7160614500230129 0.7283921699535021 0.7399746913601402 0.7509198655633069 0.7613022663410755 0.7711669090840825 0.7805655234261728 0.7895414989975575 0.7981207006151592 0.8063087275747032 0.8141091604784565 0.8215327509565449 0.8285825245933254 0.8352566296918783 0.8432939422748057 0.8509597857912998 0.8586858708534744 0.866025260694172 0.8725225606626916 0.8805897115978416 0.8844279860863359 0.8906353898861524 0.910603681801384 0.9346254807123087 0.9390146699072538 0.9432008586003291 0.9502198410222813 0.9530020603404313 0.9558749268535512 0.9558749268535512 1.0 1.0
5.003e-08 2.429e-05 0.001533 0.005163 0.01907 0.03919 0.05975 0.08205 0.107 0.136 0.17 0.2075 0.2466 0.2906 0.3409 0.3963 0.4559 0.5178 0.5805 0.6417 0.6994 0.7523 0.7991 0.8396 0.8736 0.9016 0.9244 0.9429 0.9566 0.967 0.9748 0.9807 0.9852 0.9885 0.991 0.993 0.9957 0.9967 0.9976 0.9981 0.9985 0.9991 0.9986 0.9994 0.9999 0.9999 0.9997 0.9998 0.9999 0.9999 0.9999 0.0 1.0 0.0
0.0 0.7367258000000001 1.227876 1.719027 2.210177 2.701328 3.192479 3.683629 4.17478 4.66593 5.157081 5.648231 6.139382 6.630532 7.121683 7.612833 8.103984 8.595135 9.086285 9.577436 10.06859 10.55974 11.05089 11.54204 12.03319 12.52434 13.01549 13.50664 13.99779 14.48894 14.98009 15.47124 15.96239 16.45354 16.94469 17.43584 17.92699 18.41815 18.9093 19.40045 19.8916 20.38275 20.8739 21.36505 21.8562 22.34735 22.8385 23.32965 23.8208 24.31195 24.8031 25.29425 25.7854 26.27655 26.7677 27.25886 27.75001 28.24116
5.128823736844983e-05 0.004809372213143415 0.030531040645487544 0.05160968497915093 0.08148963387276181 0.11680260839375942 0.16275490344100557 0.2165701260466366 0.27383832375662953 0.3314041663292499 0.3859131077533215 0.43448641139757194 0.4765352512436642 0.5130820177481978 0.544833990743899 0.5723458751457937 0.5963334577321865 0.6175169899543219 0.6364116773875351 0.6533961331380246 0.6688340094827552 0.6830592482403745 0.6962920771394383 0.7086868441965816 0.7203708834557582 0.7314492498009078 0.7419972876576526 0.7520675809517233 0.7617101792070504 0.7709700189392801 0.779871805654337 0.7884118801868307 0.7966041228070876 0.8044684501804205 0.8120208987833388 0.8192665865357579 0.8262051303304289 0.8328345409566359 0.8391490079544371 0.8451393269265954 0.8524902807631042 0.8595139136600879 0.8666317270890993 0.8734055887946771 0.8793823418409183 0.8868652073618426 0.8902789547397302 0.8959710099837052 0.9170357691354106 0.9385035178199356 0.9425249238844237 0.9463846542693967 0.953055828497368 0.9556835090544614 0.958437033466543 0.958437033466543 1.0 1.0
6.387e-08 2.321e-05 0.00131 0.004367 0.01691 0.03717 0.05935 0.08399 0.1116 0.1434 0.1802 0.2199 0.26 0.3044 0.3545 0.409 0.467 0.5267 0.5867 0.6452 0.7005 0.7512 0.7963 0.8355 0.8688 0.8966 0.9193 0.9376 0.9521 0.9636 0.9726 0.9794 0.9845 0.9883 0.9911 0.9932 0.9948 0.996 0.9969 0.9976 0.9986 0.9989 0.9992 0.9994 0.9995 0.9997 0.9995 0.9998 1.0 1.0 0.9999 0.9999 1.0 1.0 1.0 0.0 1.0 0.0
0.0 0.7367258000000001 1.227876 1.719027 2.210177 2.701328 3.192479 3.683629 4.17478 4.66593 5.157081 5.648231 6.139382 6.630532 7.121683 7.612833 8.103984 8.595135 9.086285 9.577436 10.06859 10.55974 11.05089 11.54204 12.03319 12.52434 13.01549 13.50664 13.99779 14.48894 14.98009 15.47124 15.96239 16.45354 16.94469 17.43584 17.92699 18.41815 18.9093 19.40045 19.8916 20.38275 20.8739 21.36505 21.8562 22.34735 22.8385 23.32965 23.8208 24.31195 24.8031 25.29425 25.7854 26.27655 26.7677 27.25886 27.75001 28.24116 28.73231 29.22346 29.71461 30.20576 30.69691 31.18806 31.67921 32.17036 32.66151 33.15266
9.336519889939223e-05 0.0051042186343539745 0.025078853356139887 0.04342158389384451 0.0713638920930999 0.10632172909994657 0.15142699864904208 0.20395544642139632 0.2589269909990154 0.31343830604174644 0.36429858138150695 0.40909728992536765 0.44744389474111423 0.4804779575569249 0.5090404803114564 0.5337648999496108 0.5553491444919898 0.5744862449597682 0.5916637008385032 0.6072301224936025 0.6215090115030417 0.6347909067936908 0.6472790461210948 0.6591143127696637 0.6704074810905216 0.6812333568020926 0.6916338320890412 0.7016540114104801 0.7113390532546036 0.7207315128902507 0.7298572604237213 0.7387288993660772 0.7473641905497429 0.7557884883488816 0.7640211842918148 0.772030081958039 0.779821763071959 0.7874039341452105 0.7947805196537632 0.8019518830659799 0.8089217965940567 0.8156948527098734 0.822270997384349 0.8286460016139664 0.8347991968194003 0.8407032295504926 0.8463528000455769 0.8517410171409664 0.8568597666510517 0.8617001293569166 0.8678973091459675 0.8738282876532434 0.8799046878877276 0.885704326610981 0.8907687326891132 0.8972767614277313 0.8999619193214088 0.9057518622805013 0.9258583476067112 0.9451237278478373 0.9485707306560381 0.9519774793430738 0.9604727025902783 0.9604727025902783 0.963030832220592 0.963030832220592 0.9999999999999999 1.0
2.419e-08 1.631e-05 0.001296 0.003934 0.01448 0.03078 0.05055 0.07378 0.1021 0.1352 0.1758 0.2196 0.2624 0.3094 0.3625 0.4198 0.4798 0.5404 0.6 0.657 0.71 0.758 0.8005 0.8375 0.8689 0.8951 0.9165 0.934 0.9481 0.9595 0.9685 0.9757 0.9813 0.9857 0.9891 0.9917 0.9937 0.9952 0.9964 0.9973 0.998 0.9985 0.9989 0.9992 0.9994 0.9995 0.9996 0.9997 0.9998 0.9998 0.9999 0.9999 1.0 1.0 1.0 1.0 1.0 1.0 1.0 1.0 1.0 1.0 1.0 0.0 1.0 0.0 1.0 0.0
0.0 0.7367258000000001 1.227876 1.719027 2.210177 2.701328 3.192479 3.683629 4.17478 4.66593 5.157081 5.648231 6.139382 6.630532 7.121683 7.612833 8.103984 8.595135 9.086285 9.577436 10.06859 10.55974 11.05089 11.54204 12.03319 12.52434 13.01549 13.50664 13.99779 14.48894 14.98009 15.47124 15.96239 16.45354 16.94469 17.43584 17.92699 18.41815 18.9093 19.40045 19.8916 20.38275 20.8739 21.36505 21.8562 22.34735 22.8385 23.32965 23.8208 24.31195 24.8031 25.29425 25.7854 26.27655 26.7677 27.25886 27.75001 28.24116 28.73231 29.22346 29.71461 30.20576 30.69691 31.18806 31.67921 32.17036 32.66151 33.15266 33.64381 34.13496 34.62611 35.11726 35.60841 36.09956 36.59072 37.08187 37.57302 38.06417
6.503928568241253e-05 0.004555902795536517 0.021756990786310763 0.03681386686019414 0.06111343064491041 0.09234856503029981 0.1344388081614996 0.18426111713747853 0.2371147584054883 0.2899955120643337 0.3395648211758303 0.38331178364870083 0.42077052314541835 0.45298607007108027 0.48074343128534247 0.5046407297060306 0.5253796163259757 0.5436416632514633 0.5599161951087608 0.5745633548228011 0.5879155737045508 0.6002696243770297 0.6118361534173694 0.622759131550239 0.6331465269958102 0.6430937242885083 0.6526708620046254 0.661928643262023 0.6709158458058805 0.6796773524310264 0.6882421616076592 0.696626702855225 0.7048443359025418 0.7128932925502072 0.7207924090335206 0.7285559390043309 0.7361967559366203 0.7437261566599032 0.7511521766581304 0.7584800468545337 0.7657185493061447 0.7728765102749798 0.7799030252649124 0.7867964243098401 0.7935514224582161 0.8001659568107377 0.8066416482168568 0.8129783984432736 0.8191744343789205 0.8252263522399481 0.8311347463378224 0.8368546307327489 0.8423739767571271 0.8476852302701772 0.8527792752216469 0.8576678441057373 0.8623737108395837 0.8669013288298476 0.8712403261135347 0.8753688379227025 0.880833531850554 0.8860584235577955 0.8914448943087543 0.8965910225559525 0.9010794051838118 0.9069388201582417 0.9092147599836065 0.9285651876695383 0.9351511115733973 0.9519952590448227 0.9556656662440033 0.9616639732814855 0.9648814738857553 0.967234611823526 0.967234611823526 0.967234611823526 1.0 1.0
2.966e-08 1.592e-05 0.00133 0.004236 0.0148 0.03074 0.0485 0.07051 0.09736 0.1286 0.1682 0.2107 0.2506 0.2944 0.3446 0.3999 0.4588 0.5193 0.5798 0.6386 0.6939 0.7444 0.7892 0.8281 0.8611 0.8887 0.9114 0.9299 0.9448 0.9567 0.9662 0.9737 0.9795 0.9841 0.9877 0.9905 0.9926 0.9943 0.9957 0.9967 0.9975 0.9981 0.9985 0.9989 0.9992 0.9994 0.9995 0.9996 0.9997 0.9998 0.9999 0.9999 0.9999 0.9999 1.0 1.0 1.0 1.0 1.0 1.0 1.0 1.0 1.0 1.0 1.0 1.0 1.0 1.0 1.0 1.0 1.0 1.0 1.0 1.0 0.0 0.0 1.0 0.0
0.0 0.7367258000000001 1.227876 1.719027 2.210177 2.701328 3.192479 3.683629 4.17478 4.66593 5.157081 5.648231 6.139382 6.630532 7.121683 7.612833 8.103984 8.595135 9.086285 9.577436 10.06859 10.55974 11.05089 11.54204 12.03319 12.52434 13.01549 13.50664 13.99779 14.48894 14.98009 15.47124 15.96239 16.45354 16.94469 17.43584 17.92699 18.41815 18.9093 19.40045 19.8916 20.38275 20.8739 21.36505 21.8562 22.34735 22.8385 23.32965 23.8208 24.31195 24.8031 25.29425 25.7854 26.27655 26.7677 27.25886 27.75001 28.24116 28.73231 29.22346 29.71461 30.20576 30.69691 31.18806 31.67921 32.17036 32.66151 33.15266 33.64381 34.13496 34.62611 35.11726 35.60841 36.09956 36.59072 37.08187 37.57302 38.06417 38.55532 39.04647 39.53762 40.02877 40.51992 41.01107 41.50222 41.99337 42.48452 42.97567
5.412576394807035e-05 0.0029423852522446146 0.020736740346611014 0.03626889794068809 0.06120468685176274 0.09222116268195046 0.13312475677781554 0.18107562858235846 0.23174055388460724 0.282252039603399 0.3296419040704753 0.37153296341908343 0.40743877389423 0.43834332330867454 0.46498806768287426 0.48793048779792825 0.5078342835268639 0.5253377468372916 0.5408984459620815 0.5548569686424517 0.5675292265483245 0.5791975357430009 0.5900646830408914 0.6002763820182581 0.609948080735573 0.6191760325704615 0.6280323256396454 0.6365699516097677 0.6448347900950749 0.6528696263776254 0.6607041021951322 0.6683559927669466 0.675845686304046 0.6831985366838247 0.6904346472422332 0.6975697892501576 0.704618118049452 0.7115777721291646 0.7184547584230525 0.7252548873993367 0.7319871620911954 0.7386620688466016 0.7452856588040576 0.7518599359120288 0.7583832744182064 0.7648562981006665 0.7712445076113232 0.7775490915666684 0.7837697208869293 0.7899045340611544 0.7959558199128355 0.8019276796600325 0.8078197743996962 0.8136277671551239 0.8193336518599598 0.8249071237053073 0.8303782468297816 0.8357574535533336 0.8410379805498935 0.8461980054100726 0.8512251409818391 0.8561242443844016 0.8608991290138099 0.865534599243198 0.8699965393234383 0.8742828284090723 0.8783905460399103 0.8823161185078561 0.8860554431213583 0.891079621886811 0.8959235489259728 0.9009574036190635 0.9057895613903034 0.9100171524678076 0.915479694960006 0.9176788216205025 0.9208589984428345 0.9371199842350555 0.9536548036910695 0.9581503929147898 0.9610274641819865 0.9672232209654155 0.9692696059862708 0.9713824273015472 0.9713824273015472 0.9713824273015472 1.0 1.0
2.583e-08 1.92e-05 0.001028 0.003329 0.0119 0.02595 0.04237 0.06356 0.08979 0.1205 0.1596 0.2016 0.2396 0.2812 0.3291 0.3821 0.4389 0.4977 0.5571 0.6157 0.6714 0.7229 0.7695 0.8105 0.8459 0.8759 0.9009 0.9214 0.938 0.9513 0.9619 0.9703 0.9769 0.9821 0.9861 0.9893 0.9917 0.9936 0.9951 0.9962 0.9971 0.9977 0.9983 0.9987 0.999 0.9992 0.9994 0.9995 0.9997 0.9997 0.9998 0.9998 0.9999 0.9999 0.9999 1.0 1.0 1.0 1.0 1.0 1.0 1.0 1.0 1.0 1.0 1.0 1.0 1.0 1.0 1.0 1.0 1.0 1.0 1.0 1.0 1.0 1.0 1.0 1.0 1.0 1.0 1.0 1.0 1.0 0.0 0.0 1.0 0.0
0.0 0.7367258000000001 1.227876 1.719027 2.210177 2.701328 3.192479 3.683629 4.17478 4.66593 5.157081 5.648231 6.139382 6.630532 7.121683 7.612833 8.103984 8.595135 9.086285 9.577436 10.06859 10.55974 11.05089 11.54204 12.03319 12.52434 13.01549 13.50664 13.99779 14.48894 14.98009 15.47124 15.96239 16.45354 16.94469 17.43584 17.92699 18.41815 18.9093 19.40045 19.8916 20.38275 20.8739 21.36505 21.8562 22.34735 22.8385 23.32965 23.8208 24.31195 24.8031 25.29425 25.7854 26.27655 26.7677 27.25886 27.75001 28.24116 28.73231 29.22346 29.71461 30.20576 30.69691 31.18806 31.67921 32.17036 32.66151 33.15266 33.64381 34.13496 34.62611 35.11726 35.60841 36.09956 36.59072 37.08187 37.57302 38.06417 38.55532 39.04647 39.53762 40.02877 40.51992 41.01107 41.50222 41.99337 42.48452 42.97567 43.46682 43.95797 44.44912 44.94027 45.43143 45.92258 46.41373 46.90488 47.39603 47.88718
9.690181651223991e-05 0.004121342029734433 0.02197120124537289 0.036953280264116005 0.06061653135598449 0.09087491754521655 0.1309909267106983 0.17806793689957812 0.22788573416541957 0.27759861659692403 0.3243266769032832 0.3656267649090487 0.4010104372253717 0.43142910832981535 0.45760360600458777 0.4800854600679491 0.49952986267798544 0.5165676093644048 0.531654603217485 0.5451323086231392 0.5573158433768604 0.5684850638698479 0.5788418967759982 0.5885326678364039 0.5976736232769195 0.6063613132332455 0.6146684364161975 0.6226488844719529 0.630352069536908 0.637821941889043 0.6450882175745999 0.6521677242257157 0.6590801972264896 0.6658496255306158 0.6724947228796121 0.679030190120818 0.685469013903203 0.6918227024410392 0.6980999004023243 0.7043061040276773 0.7104445059501658 0.7165249493031236 0.7225533036196513 0.7285317890076667 0.7344595262651404 0.7403379496210812 0.7461715827909584 0.7519632991445325 0.7577063941523622 0.7633909755636817 0.7690200002478857 0.7745980459496187 0.7801255743727393 0.7855992602671147 0.7910121191339416 0.7963813027804072 0.8017377306298326 0.8070649483425631 0.8123508926773475 0.817575965778895 0.8227294011061538 0.8278176232192042 0.832846128358665 0.8378193567403718 0.8427408202606984 0.8476063581819968 0.8523702613310542 0.8570320670216629 0.8615905694208721 0.8660438362489147 0.8703899175437477 0.8746273201354445 0.8787548882908347 0.8827716288554469 0.8866546216709037 0.8903756178286503 0.8939319826696449 0.8973211787873602 0.9005407429425912 0.9049259344836741 0.9091471464963248 0.9135389566113433 0.9177630390467088 0.9214492138923511 0.9262324364008606 0.9281016606826686 0.9308392330237185 0.9452420063165153 0.9622046966553924 0.9637879744756312 0.9671333922263782 0.9716456436871019 0.9732733747478223 0.9751426452000163 0.9751426452000163 0.9751426452000163 1.0 1.0
1.067e-08 1.091e-05 0.0008337 0.002841 0.01048 0.02254 0.03699 0.0565 0.081 0.1096 0.1467 0.1868 0.2225 0.2613 0.3066 0.3575 0.4124 0.4699 0.5287 0.5874 0.644 0.6969 0.7454 0.7887 0.8266 0.8591 0.8865 0.9093 0.9279 0.9431 0.9552 0.9649 0.9726 0.9787 0.9835 0.9872 0.9901 0.9924 0.9941 0.9955 0.9965 0.9973 0.998 0.9984 0.9988 0.9991 0.9993 0.9995 0.9996 0.9997 0.9998 0.9998 0.9999 0.9999 0.9999 0.9999 1.0 1.0 1.0 1.0 1.0 1.0 1.0 1.0 1.0 1.0 1.0 1.0 1.0 1.0 1.0 1.0 1.0 1.0 1.0 1.0 1.0 1.0 1.0 1.0 1.0 1.0 1.0 1.0 1.0 1.0 1.0 1.0 1.0 1.0 1.0 1.0 1.0 1.0 0.0 0.0 1.0 0.0
0.0 0.7367258000000001 1.227876 1.719027 2.210177 2.701328 3.192479 3.683629 4.17478 4.66593 5.157081 5.648231 6.139382 6.630532 7.121683 7.612833 8.103984 8.595135 9.086285 9.577436 10.06859 10.55974 11.05089 11.54204 12.03319 12.52434 13.01549 13.50664 13.99779 14.48894 14.98009 15.47124 15.96239 16.45354 16.94469 17.43584 17.92699 18.41815 18.9093 19.40045 19.8916 20.38275 20.8739 21.36505 21.8562 22.34735 22.8385 23.32965 23.8208 24.31195 24.8031 25.29425 25.7854 26.27655 26.7677 27.25886 27.75001 28.24116 28.73231 29.22346 29.71461 30.20576 30.69691 31.18806 31.67921 32.17036 32.66151 33.15266 33.64381 34.13496 34.62611 35.11726 35.60841 36.09956 36.59072 37.08187 37.57302 38.06417 38.55532 39.04647 39.53762 40.02877 40.51992 41.01107 41.50222 41.99337 42.48452 42.97567 43.46682 43.95797 44.44912 44.94027 45.43143 45.92258 46.41373 46.90488 47.39603 47.88718 48.37833 48.86948 49.36063 49.85178 50.34293 50.83408 51.32523 51.81638 52.30753
6.845841452231448e-05 0.004060022740969867 0.020322627833985526 0.03452730065715598 0.056940779779333206 0.0860990574058406 0.12516803129853543 0.17145217502303042 0.22080177278565233 0.2703181709814225 0.3170656819869308 0.35853014291296076 0.394113523125271 0.4247188141560341 0.4510307622356998 0.4735841552901109 0.4930273931655799 0.509991783084528 0.524938565573329 0.5382172307621556 0.5501513646149725 0.5610277597493163 0.5710554962840988 0.5803880934872379 0.5891476948561284 0.597435706802513 0.6053291541907212 0.6128859505633694 0.6201582185999795 0.6271915238959086 0.634017286426741 0.6406556686123259 0.6471274222733361 0.6534558238306398 0.6596589138611206 0.6657505678425062 0.6717428586683386 0.677646184351485 0.6834681825442878 0.689214236440938 0.6948920721039017 0.7005097839711596 0.7060705351604664 0.7115762264894788 0.717025998415329 0.7224209315061938 0.7277650091293079 0.7330606723864165 0.7383091393725557 0.7435104542927873 0.7486638067209783 0.7537711809732359 0.7588333530939781 0.7638476511328035 0.7688082891382912 0.7737307241470467 0.7786428102596702 0.783556792278277 0.7884698263438921 0.7933495435456047 0.7981868567962129 0.8029883217063803 0.8077596338527344 0.8125055398765766 0.8172299730460714 0.8219361426487046 0.8266264897862218 0.8312876335864194 0.8359004519219027 0.840464402052746 0.8449789235569997 0.8494439845087857 0.8538597661488573 0.8582266481495786 0.8625451634275277 0.8668160222106975 0.8709987061394526 0.8750852990695615 0.879075620251438 0.8829694530802796 0.8867661870350662 0.8904647960671969 0.894064407372285 0.8975641623897973 0.9009527274330584 0.9041956868967966 0.9072906045909402 0.9102350796894667 0.9130267526244111 0.9168610260088358 0.9205455395202643 0.9243795732150205 0.9280613970940228 0.9312666771454274 0.9354432219734348 0.9370355732710058 0.939395420710025 0.9524779333046757 0.9669834559550311 0.9691387808170085 0.9713014471574143 0.9752606936543557 0.9766848766176999 0.978331656134349 0.978331656134349 1.0 1.0
1.362e-08 1.004e-05 0.00084 0.002746 0.01017 0.02152 0.03494 0.05327 0.07627 0.1029 0.1378 0.1754 0.2083 0.244 0.2863 0.3343 0.3868 0.4423 0.5 0.5584 0.6156 0.67 0.7204 0.7662 0.8069 0.8421 0.8722 0.8974 0.9182 0.9352 0.949 0.9601 0.9689 0.9758 0.9813 0.9856 0.9889 0.9915 0.9935 0.9951 0.9962 0.9972 0.9979 0.9984 0.9988 0.9991 0.9993 0.9995 0.9996 0.9997 0.9998 0.9999 0.9999 0.9999 0.9999 1.0 1.0 1.0 1.0 1.0 1.0 1.0 1.0 1.0 1.0 1.0 1.0 1.0 1.0 1.0 1.0 1.0 1.0 1.0 1.0 1.0 1.0 1.0 1.0 1.0 1.0 1.0 1.0 1.0 1.0 1.0 1.0 1.0 1.0 1.0 1.0 1.0 1.0 1.0 1.0 1.0 1.0 1.0 1.0 1.0 1.0 1.0 1.0 1.0 0.0 1.0 0.0
0.0 0.7367258000000001 1.227876 1.719027 2.210177 2.701328 3.192479 3.683629 4.17478 4.66593 5.157081 5.648231 6.139382 6.630532 7.121683 7.612833 8.103984 8.595135 9.086285 9.577436 10.06859 10.55974 11.05089 11.54204 12.03319 12.52434 13.01549 13.50664 13.99779 14.48894 14.98009 15.47124 15.96239 16.45354 16.94469 17.43584 17.92699 18.41815 18.9093 19.40045 19.8916 20.38275 20.8739 21.36505 21.8562 22.34735 22.8385 23.32965 23.8208 24.31195 24.8031 25.29425 25.7854 26.27655 26.7677 27.25886 27.75001 28.24116 28.73231 29.22346 29.71461 30.20576 30.69691 31.18806 31.67921 32.17036 32.66151 33.15266 33.64381 34.13496 34.62611 35.11726 35.60841 36.09956 36.59072 37.08187 37.57302 38.06417 38.55532 39.04647 39.53762 40.02877 40.51992 41.01107 41.50222 41.99337 42.48452 42.97567 43.46682 43.95797 44.44912 44.94027 45.43143 45.92258 46.41373 46.90488 47.39603 47.88718 48.37833 48.86948 49.36063 49.85178 50.34293 50.83408 51.32523 51.81638 52.30753 52.79868 53.28983 53.78098 54.27214 54.76329 55.25444 55.74559 56.23674 56.72789 57.21904
7.206027235287799e-05 0.004500205561268909 0.019554992945277145 0.03347017672964511 0.05559462831515161 0.08456309650876502 0.12319645373792358 0.16909192470176998 0.21828866008537604 0.26791315387451214 0.315005911234124 0.3569879600866684 0.3931693760758336 0.42439962973185286 0.45131613461630227 0.4744105894139999 0.49430500465104404 0.5116236502273598 0.5268245798044803 0.5402592586278355 0.5522575061592621 0.5631140331560067 0.5730464222292367 0.5822173581178197 0.5907584297004163 0.5987796635706912 0.60636621356349 0.6135834787277231 0.6204896723211969 0.6271351096166895 0.6335555967776676 0.6397755252180921 0.6458187018617386 0.6517102696099494 0.6574697622229586 0.6631122143600765 0.6686505044521137 0.6740955708153995 0.6794556159592603 0.6847364995205981 0.6899458100484603 0.6950917107587157 0.7001789561597639 0.7052094028674886 0.7101823878047885 0.7150989276898854 0.7199623290672577 0.7247746194793302 0.7295366815554002 0.734248294269767 0.738912015626537 0.7435313736870566 0.7481048689147408 0.7526301638400158 0.7571022313561176 0.7615344336945568 0.7659508484127997 0.7703620596948866 0.774766087150542 0.7791490621538172 0.7835002418733358 0.7878229245037163 0.792122318883965 0.7964028651748191 0.8006682898695874 0.8049217153246644 0.8091656199749041 0.8134017676053958 0.8176312913412304 0.8218397670451988 0.8260270837132827 0.8301937885068826 0.8343405783937073 0.8384682824657174 0.8425778530980974 0.8466703747902841 0.8507470607277886 0.8547964097154981 0.8588011969749951 0.8627622599481003 0.8666800927500461 0.8705548279962527 0.8743866415249442 0.8781757411002785 0.8819223246630501 0.8856266353415291 0.8892522294358953 0.8927917954159791 0.8962446407345857 0.899610003098633 0.9028873088236363 0.906076169395531 0.9091762635902993 0.9121872338374748 0.915098284750681 0.9178809197319482 0.9205333882577287 0.9230539304722795 0.9254407825905109 0.9287345812532789 0.9318961711830887 0.935185418681101 0.9383400060255535 0.941077986447814 0.944656562481684 0.945996480691271 0.9491417102987363 0.960679698823308 0.9717149570247697 0.9735380487123257 0.9753564266584442 0.9787597622201587 0.9799847500125408 0.9814046019210975 0.9814046019210975 1.0 1.0
9.835e-09 7.292e-06 0.0007478 0.002328 0.008668 0.0184 0.03021 0.0467 0.06738 0.09113 0.1225 0.1561 0.1849 0.2161 0.2533 0.296 0.3434 0.3942 0.448 0.5038 0.5597 0.6143 0.6664 0.7151 0.7596 0.7992 0.834 0.864 0.8894 0.9107 0.9283 0.9427 0.9545 0.9639 0.9715 0.9776 0.9825 0.9863 0.9893 0.9917 0.9936 0.995 0.9962 0.9971 0.9977 0.9983 0.9987 0.999 0.9992 0.9994 0.9996 0.9997 0.9998 0.9998 0.9999 0.9999 0.9999 0.9999 1.0 1.0 1.0 1.0 1.0 1.0 1.0 1.0 1.0 1.0 1.0 1.0 1.0 1.0 1.0 1.0 1.0 1.0 1.0 1.0 1.0 1.0 1.0 1.0 1.0 1.0 1.0 1.0 1.0 1.0 1.0 1.0 1.0 1.0 1.0 1.0 1.0 1.0 1.0 1.0 1.0 1.0 1.0 1.0 1.0 1.0 1.0 1.0 1.0 1.0 1.0 1.0 1.0 1.0 1.0 1.0 0.0 1.0 0.0
0.0 0.7367258000000001 1.227876 1.719027 2.210177 2.701328 3.192479 3.683629 4.17478 4.66593 5.157081 5.648231 6.139382 6.630532 7.121683 7.612833 8.103984 8.595135 9.086285 9.577436 10.06859 10.55974 11.05089 11.54204 12.03319 12.52434 13.01549 13.50664 13.99779 14.48894 14.98009 15.47124 15.96239 16.45354 16.94469 17.43584 17.92699 18.41815 18.9093 19.40045 19.8916 20.38275 20.8739 21.36505 21.8562 22.34735 22.8385 23.32965 23.8208 24.31195 24.8031 25.29425 25.7854 26.27655 26.7677 27.25886 27.75001 28.24116 28.73231 29.22346 29.71461 30.20576 30.69691 31.18806 31.67921 32.17036 32.66151 33.15266 33.64381 34.13496 34.62611 35.11726 35.60841 36.09956 36.59072 37.08187 37.57302 38.06417 38.55532 39.04647 39.53762 40.02877 40.51992 41.01107 41.50222 41.99337 42.48452 42.97567 43.46682 43.95797 44.44912 44.94027 45.43143 45.92258 46.41373 46.90488 47.39603 47.88718 48.37833 48.86948 49.36063 49.85178 50.34293 50.83408 51.32523 51.81638 52.30753 52.79868 53.28983 53.78098 54.27214 54.76329 55.25444 55.74559 56.23674 56.72789 57.21904 57.71019 58.20134 58.69249 59.18364 59.67479 60.16594 60.65709 61.14824 61.63939 62.13054
5.830519667673701e-05 0.0036112163551858677 0.01807266644815856 0.032026168591143205 0.054020800587659484 0.08282287422120337 0.1211153922043349 0.1668470634926696 0.21607126065970894 0.265869973348472 0.3132893263448382 0.3557074522247735 0.39242213260629255 0.4242178952764679 0.45169511558622627 0.47530843536469336 0.49565692837595104 0.5133543689479564 0.5288531100816475 0.5425031853170017 0.554638021910514 0.5655581096040289 0.5754873753630151 0.5845953643810643 0.5930207619644204 0.6008805439330834 0.608266700551278 0.6152509959148227 0.6218972814538485 0.628260543072995 0.6343808549121418 0.6402866161227521 0.6460046737753714 0.6515621352579146 0.6569801795985913 0.6622752804663753 0.6674614016778714 0.6725502133098479 0.6775504875664752 0.6824686685305482 0.6873124959777283 0.6920899660717272 0.6968059634469502 0.7014626934335608 0.706059982650368 0.7105990418187201 0.7150830698952666 0.7195140983378155 0.7238930785326755 0.7282200537023534 0.732497331830466 0.7367282508733143 0.7409133162395263 0.7450504311463694 0.749135143184504 0.7531790335298615 0.7572029649004898 0.761216015496259 0.7652162614244625 0.7691913867265581 0.7731347729562302 0.7770511795008478 0.780943308258235 0.7848150025933209 0.7886694914238109 0.79250948990898 0.7963371635946391 0.8001540689821892 0.8039612085390831 0.8077591230378177 0.8115447731503188 0.8153168361696528 0.8190761382350927 0.8228236169803318 0.8265603401977477 0.8302874837359846 0.8340063270794693 0.8377182538395764 0.8414237001706901 0.8451113707548201 0.8487822204164294 0.8524368287300377 0.8560757752701645 0.8596996302791975 0.8633089556497218 0.8669043093450037 0.870486257678112 0.8740409841818962 0.8775552048119001 0.8810289406882118 0.8844624516370356 0.8878562042649762 0.8912106700902872 0.8945262985288033 0.8978034957738533 0.9010426724392496 0.9042073948989593 0.9072956788469999 0.9103070792880199 0.9132410554495227 0.916097045438923 0.9188744790138333 0.9215728890764839 0.9241918301403584 0.9267175594130335 0.9291290290073135 0.9314247511848766 0.933603265221467 0.9356631359334017 0.938510786926027 0.9412405770195978 0.9440785751494819 0.9467970566636118 0.9491488089622795 0.952232372324974 0.9533684665775121 0.9631311243086931 0.9670818809580616 0.9759888951439496 0.9778503809359622 0.9810335584236392 0.9826509961910541 0.9826509961910541 0.9838823813355898 0.9838823813355898 1.0 1.0
9.403e-09 7.438e-06 0.00065 0.00195 0.007405 0.01584 0.02621 0.04091 0.05946 0.08067 0.1089 0.1392 0.1646 0.1918 0.2246 0.2627 0.3053 0.3516 0.4013 0.4538 0.5075 0.561 0.6133 0.6634 0.7103 0.7533 0.7919 0.8261 0.8558 0.8812 0.9028 0.9209 0.936 0.9484 0.9585 0.9668 0.9735 0.9789 0.9832 0.9867 0.9895 0.9917 0.9935 0.9949 0.996 0.9969 0.9976 0.9981 0.9985 0.9989 0.9991 0.9993 0.9995 0.9996 0.9997 0.9998 0.9998 0.9999 0.9999 0.9999 0.9999 1.0 1.0 1.0 1.0 1.0 1.0 1.0 1.0 1.0 1.0 1.0 1.0 1.0 1.0 1.0 1.0 1.0 1.0 1.0 1.0 1.0 1.0 1.0 1.0 1.0 1.0 1.0 1.0 1.0 1.0 1.0 1.0 1.0 1.0 1.0 1.0 1.0 1.0 1.0 1.0 1.0 1.0 1.0 1.0 1.0 1.0 1.0 1.0 1.0 1.0 1.0 1.0 1.0 1.0 1.0 1.0 1.0 1.0 1.0 1.0 1.0 0.0 1.0 0.0 1.0 0.0
0.0 1.473452 2.455753 3.438054 4.420355 5.402656 6.384957 7.367258 8.349559 9.33186 10.31416 11.29646 12.27876 13.26106 14.24337 15.22567 16.20797 17.19027 18.17257 19.15487 20.13717 21.11947 22.10177 23.08408 24.06638 25.04868 26.03098 27.01328 27.99558 28.97788 29.96018 30.94248 31.92479 32.90709 33.88939 34.87169 35.85399 36.83629 37.81859 38.80089 39.78319 40.7655 41.7478 42.7301 43.7124 44.6947 45.677 46.6593 47.6416 48.6239 49.6062 50.58851 51.57081 52.55311 53.53541 54.51771 55.50001 56.48231 57.46461 58.44691 59.42922 60.41152 61.39382 62.37612 63.35842 64.34072 65.32302 66.30532 67.28762
0.005351213324374559 0.034561280476763746 0.09225190721679825 0.18515179546268468 0.2870125899342735 0.3741269543832143 0.4396251942658492 0.4883497439014973 0.5248208278470596 0.5528033283998585 0.5749819460740603 0.593253309924506 0.6088075986355769 0.6224490168080926 0.6347346995347031 0.6460299472335269 0.6565812384551697 0.6665767636358523 0.6761400072982665 0.6853506965122861 0.6942726625742452 0.7029479767380465 0.7113860214399461 0.7196064145012064 0.727617331819724 0.7354337837176216 0.7430605382375105 0.750499312111114 0.7578605710659911 0.7651320172752376 0.7722778426501988 0.7793292655091164 0.7863084014538897 0.7932293842195884 0.8000982317240716 0.8069166695634256 0.8136833208065266 0.8204054355177544 0.827091920412526 0.8337532728670345 0.8403799055797353 0.8469750392693516 0.8535440546045023 0.8600922544443944 0.8665941241962067 0.8730352238118658 0.879421443168425 0.8857581452057764 0.8920170860920835 0.8981341124591395 0.9041100664214731 0.9099460530697285 0.9156356969567209 0.9210501988814002 0.9261858702836386 0.9310395416610352 0.9356091298881771 0.9398003171529384 0.9435787491222716 0.9485195896951297 0.9534364620141258 0.9582592292657187 0.9612831541954969 0.9787158901670264 0.9812837307927921 0.9848752103820008 0.9859468715420149 1.0 1.0
5.975e-06 0.001688 0.01433 0.03655 0.07181 0.1239 0.1703 0.233 0.3127 0.4063 0.508 0.6093 0.7028 0.7825 0.8459 0.8937 0.9281 0.9522 0.9686 0.9796 0.9868 0.9916 0.9947 0.9967 0.9979 0.9987 0.9992 0.9995 0.9997 0.9998 0.9999 0.9999 1.0 1.0 1.0 1.0 1.0 1.0 1.0 1.0 1.0 1.0 1.0 1.0 1.0 1.0 1.0 1.0 1.0 1.0 1.0 1.0 1.0 1.0 1.0 1.0 1.0 1.0 1.0 1.0 1.0 1.0 1.0 1.0 1.0 1.0 1.0 1.0 0.0
0.0 1.473452 2.455753 3.438054 4.420355 5.402656 6.384957 7.367258 8.349559 9.33186 10.31416 11.29646 12.27876 13.26106 14.24337 15.22567 16.20797 17.19027 18.17257 19.15487 20.13717 21.11947 22.10177 23.08408 24.06638 25.04868 26.03098 27.01328 27.99558 28.97788 29.96018 30.94248 31.92479 32.90709 33.88939 34.87169 35.85399 36.83629 37.81859 38.80089 39.78319 40.7655 41.7478 42.7301 43.7124 44.6947 45.677 46.6593 47.6416 48.6239 49.6062 50.58851 51.57081 52.55311 53.53541 54.51771 55.50001 56.48231 57.46461 58.44691 59.42922 60.41152 61.39382 62.37612 63.35842 64.34072 65.32302 66.30532 67.28762 68.26993 69.25223 70.23453 71.21683 72.19913
0.006765169162656501 0.03366926961245344 0.0903110503025893 0.18252479318990403 0.28411235088920983 0.371428696546476 0.43760280007212893 0.4871039037066657 0.5242380106726977 0.5526825721671993 0.5751070911825756 0.5934305378810208 0.6088785552013173 0.6222951919621859 0.6342731924757038 0.6452066781407475 0.655363925906226 0.6649480048344142 0.6740913265868252 0.6828788322246921 0.6913764767375078 0.6996273446995318 0.7076417023685244 0.7154389576632227 0.7230278570094489 0.7304226505564642 0.7376278406339005 0.7446449490449437 0.7515736538982571 0.7584022844221298 0.7650982263241943 0.7716896073371668 0.7781963577604115 0.7846312059400034 0.7909996457431426 0.7973043501816425 0.8035499309893798 0.8097423452767526 0.8158888018964163 0.8219977111764691 0.8280742151164058 0.8341171960188086 0.8401313750217995 0.8461214998753427 0.8520923843661993 0.8580314765749589 0.8639446665895992 0.8698379361611137 0.8757168550497372 0.8815546891948421 0.8873408273703292 0.8930782934700934 0.8987699871994277 0.9043811249079262 0.9098598755955072 0.9152071470217136 0.9204248374980318 0.9254977487050817 0.9303208239849873 0.9348915519682426 0.9392070842019935 0.9432650768727843 0.946971925285961 0.950306154669626 0.9546617722243369 0.9589891427858491 0.9632263957897998 0.9662309478027579 0.9812406483518678 0.9833663659244517 0.9865678219226598 0.9875168869886797 1.0 1.0
3.976e-06 0.001577 0.01276 0.03274 0.06492 0.1126 0.1537 0.2096 0.2816 0.3678 0.4639 0.563 0.658 0.7422 0.812 0.8666 0.9073 0.9367 0.9573 0.9715 0.9811 0.9876 0.9919 0.9948 0.9966 0.9979 0.9986 0.9991 0.9995 0.9997 0.9998 0.9999 0.9999 1.0 1.0 1.0 1.0 1.0 1.0 1.0 1.0 1.0 1.0 1.0 1.0 1.0 1.0 1.0 1.0 1.0 1.0 1.0 1.0 1.0 1.0 1.0 1.0 1.0 1.0 1.0 1.0 1.0 1.0 1.0 1.0 1.0 1.0 1.0 1.0 1.0 1.0 1.0 1.0 0.0
0.0 1.473452 2.455753 3.438054 4.420355 5.402656 6.384957 7.367258 8.349559 9.33186 10.31416 11.29646 12.27876 13.26106 14.24337 15.22567 16.20797 17.19027 18.17257 19.15487 20.13717 21.11947 22.10177 23.08408 24.06638 25.04868 26.03098 27.01328 27.99558 28.97788 29.96018 30.94248 31.92479 32.90709 33.88939 34.87169 35.85399 36.83629 37.81859 38.80089 39.78319 40.7655 41.7478 42.7301 43.7124 44.6947 45.677 46.6593 47.6416 48.6239 49.6062 50.58851 51.57081 52.55311 53.53541 54.51771 55.50001 56.48231 57.46461 58.44691 59.42922 60.41152 61.39382 62.37612 63.35842 64.34072 65.32302 66.30532 67.28762 68.26993 69.25223 70.23453 71.21683 72.19913 73.18143 74.16373 75.14603 76.12833 77.11064
0.006322250618982485 0.03186548989418628 0.08782292053071174 0.1794865193154843 0.28098287673444655 0.3686696614123615 0.43555547469092404 0.4858401084172407 0.5236551446135105 0.5525979863943338 0.5753184898729471 0.5937504853741967 0.6091475772458482 0.6223888661668429 0.6341015632546829 0.6447095311803538 0.654504355613162 0.6637049425944757 0.6724555112650676 0.6808492712079774 0.6889567617486336 0.6968238831130428 0.7044642752953739 0.7118972286095878 0.7191305100282349 0.7261767307812943 0.7330391141328121 0.7397174107749914 0.7463020898759182 0.7527821444470891 0.7591274673694576 0.7653632889862327 0.7715073042385565 0.7775706531447848 0.7835578547782637 0.7894710366312204 0.7953143768264175 0.8010933345148226 0.8068145296560387 0.8124857055728645 0.8181131580262265 0.8237009005760331 0.8292527713798687 0.8347724341784012 0.8402634689527613 0.8457282268824091 0.8511674815112995 0.8565865402378284 0.8619904207509355 0.8673829030692333 0.8727516262559458 0.8781002786868981 0.883432423591314 0.8887514931393778 0.8940279783536744 0.8992554819764271 0.9044373277831259 0.9095766385263729 0.9146350592362916 0.919572929279642 0.92439072263686 0.92908918624593 0.9336443116674698 0.9379701655586469 0.9420646549164549 0.9459258690380549 0.9495524707270817 0.952852279164686 0.9558145613053185 0.95968123359248 0.9635172764952498 0.9672671032435755 0.974735330162129 0.9835457129958513 0.9867822593336399 0.9888218070038419 0.9888218070038419 1.0 1.0
3.627e-06 0.001445 0.01139 0.02945 0.05882 0.1025 0.1392 0.1893 0.2545 0.3336 0.4238 0.5193 0.6141 0.7013 0.7763 0.8371 0.8841 0.9189 0.944 0.9618 0.9742 0.9827 0.9884 0.9923 0.995 0.9967 0.9979 0.9986 0.9991 0.9994 0.9996 0.9998 0.9999 0.9999 0.9999 1.0 1.0 1.0 1.0 1.0 1.0 1.0 1.0 1.0 1.0 1.0 1.0 1.0 1.0 1.0 1.0 1.0 1.0 1.0 1.0 1.0 1.0 1.0 1.0 1.0 1.0 1.0 1.0 1.0 1.0 1.0 1.0 1.0 1.0 1.0 1.0 1.0 1.0 1.0 1.0 1.0 0.0 1.0 0.0
0.0 1.473452 2.455753 3.438054 4.420355 5.402656 6.384957 7.367258 8.349559 9.33186 10.31416 11.29646 12.27876 13.26106 14.24337 15.22567 16.20797 17.19027 18.17257 19.15487 20.13717 21.11947 22.10177 23.08408 24.06638 25.04868 26.03098 27.01328 27.99558 28.97788 29.96018 30.94248 31.92479 32.90709 33.88939 34.87169 35.85399 36.83629 37.81859 38.80089 39.78319 40.7655 41.7478 42.7301 43.7124 44.6947 45.677 46.6593 47.6416 48.6239 49.6062 50.58851 51.57081 52.55311 53.53541 54.51771 55.50001 56.48231 57.46461 58.44691 59.42922 60.41152 61.39382 62.37612 63.35842 64.34072 65.32302 66.30532 67.28762 68.26993 69.25223 70.23453 71.21683 72.19913 73.18143 74.16373 75.14603 76.12833 77.11064 78.09294 79.07524 80.05754 81.03984 82.01781
0.006103992147119144 0.031396280522354894 0.0865497434345279 0.1776119090203199 0.27924742338431124 0.3675045072978369 0.43531034613899505 0.48654005837245007 0.5251785691941523 0.5547554679466316 0.5778999484809868 0.5965575358206895 0.6120058009876395 0.6251552383426776 0.6366650823757384 0.6469877919940298 0.6564391287936892 0.6652569659784358 0.6736007031177719 0.6815757290570874 0.6892610307487417 0.6967084710597435 0.7039371127145156 0.7109691781520366 0.7178146450552828 0.7244864202719874 0.7309880044151269 0.7373194969955121 0.7435624259395714 0.7497048854192127 0.7557179798596028 0.7616232489176227 0.7674348960373117 0.7731624476546038 0.7788096270502303 0.7843779919132192 0.7898709610803364 0.7952931268277104 0.8006501799914103 0.8059487868105019 0.8111944647160771 0.81639088772609 0.8215416234508948 0.8266501468868237 0.8317198620918096 0.8367550322666265 0.8417605038833353 0.8467406711816986 0.8516995195204248 0.8566406894187789 0.8615647306493591 0.866470905255757 0.8713623364980726 0.8762421328575731 0.8811110569220557 0.8859587349358121 0.890788906928918 0.8956051483937724 0.9004108614177965 0.9051759533406616 0.9098973659291338 0.9145769691982512 0.9192167632167844 0.9237747583636126 0.9282211900685056 0.9325568455506498 0.9367828145026856 0.9408688081984294 0.9447457947076208 0.9484117897255776 0.9518651281704168 0.9551017429072189 0.9580379335210637 0.9612239819871636 0.9647978792571289 0.9680631935029094 0.9708225189220789 0.9777627240581965 0.9852813855372957 0.9881676818247248 0.989944639475781 0.989944639475781 1.0 1.0
3.444e-06 0.001337 0.01059 0.02722 0.05407 0.09397 0.1267 0.1716 0.2301 0.3019 0.3852 0.4757 0.5683 0.6569 0.7359 0.8024 0.8557 0.8965 0.9269 0.949 0.9648 0.9758 0.9836 0.9889 0.9925 0.995 0.9967 0.9978 0.9985 0.999 0.9994 0.9996 0.9997 0.9998 0.9999 0.9999 1.0 1.0 1.0 1.0 1.0 1.0 1.0 1.0 1.0 1.0 1.0 1.0 1.0 1.0 1.0 1.0 1.0 1.0 1.0 1.0 1.0 1.0 1.0 1.0 1.0 1.0 1.0 1.0 1.0 1.0 1.0 1.0 1.0 1.0 1.0 1.0 1.0 1.0 1.0 1.0 1.0 1.0 1.0 1.0 1.0 0.0 1.0 0.0
0.0 1.473452 2.455753 3.438054 4.420355 5.402656 6.384957 7.367258 8.349559 9.33186 10.31416 11.29646 12.27876 13.26106 14.24337 15.22567 16.20797 17.19027 18.17257 19.15487 20.13717 21.11947 22.10177 23.08408 24.06638 25.04868 26.03098 27.01328 27.99558 28.97788 29.96018 30.94248 31.92479 32.90709 33.88939 34.87169 35.85399 36.83629 37.81859 38.80089 39.78319 40.7655 41.7478 42.7301 43.7124 44.6947 45.677 46.6593 47.6416 48.6239 49.6062 50.58851 51.57081 52.55311 53.53541 54.51771 55.50001 56.48231 57.46461 58.44691 59.42922 60.41152 61.39382 62.37612 63.35842 64.34072 65.32302 66.30532 67.28762 68.26993 69.25223 70.23453 71.21683 72.19913 73.18143 74.16373 75.14603 76.12833 77.11064 78.09294 79.07524 80.05754 81.03984 82.02214 83.00444 83.98674 84.96904 85.95135 86.84239
0.006152861915054589 0.031071928306842484 0.08526995045907089 0.17553699489126595 0.27730938743049866 0.36593500453575944 0.43423455324739524 0.4860453874964306 0.5251800245132034 0.5551350642080247 0.5785252116566061 0.5972975145622238 0.6127407545408766 0.6257847377320552 0.637110164959804 0.6471900360779804 0.6563578972467183 0.664864493810926 0.6728786218161844 0.6805125996548128 0.6878501338005634 0.6949469340657725 0.7018266657015103 0.7085147688526774 0.7150242977994085 0.7213699753992332 0.7275568044311005 0.7335860065496101 0.7395335901310366 0.7453887266495156 0.7511243575877358 0.7567598276149476 0.7623078366231668 0.7677755225797606 0.7731645688282951 0.7784750807007947 0.7837088468728499 0.7888683933442212 0.7939585594815586 0.7989851808758911 0.8039530329071252 0.8088652076116003 0.8137247320545015 0.8185345604545665 0.8232975909190815 0.8280176429644419 0.8326992251950531 0.8373464573728004 0.8419631432634967 0.846552771621293 0.8511183852619572 0.8556626962390123 0.8601882463028022 0.8646974059160797 0.8691924254434016 0.8736729327772427 0.8781390982207826 0.8825941024073909 0.8870410373734076 0.8914794817907354 0.8959005562681659 0.9003065761414109 0.9046999699534984 0.9090832223589086 0.9134251393278612 0.9177261018275844 0.9219881091977173 0.9262130062253027 0.9303561075217451 0.9343958180532373 0.9383326398696149 0.9421676420417039 0.9458653650849456 0.9493711593981263 0.952683705869914 0.9558017257498452 0.958714794120747 0.9613533524701143 0.9642133571266364 0.9674192022577939 0.9703438768395991 0.972808409949805 0.9790444250993813 0.9857965415733996 0.9887291239323199 0.9900103501905001 0.9900103501905001 1.0 1.0
2.957e-06 0.001194 0.009592 0.02473 0.04912 0.08578 0.1154 0.1559 0.2093 0.2753 0.353 0.4389 0.5291 0.6177 0.6993 0.7701 0.8285 0.8745 0.9096 0.9357 0.9547 0.9684 0.9781 0.9849 0.9897 0.993 0.9952 0.9968 0.9978 0.9985 0.999 0.9993 0.9996 0.9997 0.9998 0.9999 0.9999 0.9999 1.0 1.0 1.0 1.0 1.0 1.0 1.0 1.0 1.0 1.0 1.0 1.0 1.0 1.0 1.0 1.0 1.0 1.0 1.0 1.0 1.0 1.0 1.0 1.0 1.0 1.0 1.0 1.0 1.0 1.0 1.0 1.0 1.0 1.0 1.0 1.0 1.0 1.0 1.0 1.0 1.0 1.0 1.0 1.0 1.0 1.0 1.0 1.0 0.0 1.0 0.0
0.0 1.473452 2.455753 3.438054 4.420355 5.402656 6.384957 7.367258 8.349559 9.33186 10.31416 11.29646 12.27876 13.26106 14.24337 15.22567 16.20797 17.19027 18.17257 19.15487 20.13717 21.11947 22.10177 23.08408 24.06638 25.04868 26.03098 27.01328 27.99558 28.97788 29.96018 30.94248 31.92479 32.90709 33.88939 34.87169 35.85399 36.83629 37.81859 38.80089 39.78319 40.7655 41.7478 42.7301 43.7124 44.6947 45.677 46.6593 47.6416 48.6239 49.6062 50.58851 51.57081 52.55311 53.53541 54.51771 55.50001 56.48231 57.46461 58.44691 59.42922 60.41152 61.39382 62.37612 63.35842 64.34072 65.32302 66.30532 67.28762 68.26993 69.25223 70.23453 71.21683 72.19913 73.18143 74.16373 75.14603 76.12833 77.11064 78.09294 79.07524 80.05754 81.03984 82.02214 83.00444 83.98674 84.96904 85.95135 86.93365 87.91595 88.89825 89.88055 90.86285
0.006192817736799888 0.030731979388455708 0.08401115361026622 0.17326989950634714 0.27450134740144666 0.36332047280143825 0.43213787067891296 0.48457260621247583 0.5243009437240843 0.5547483384065163 0.5785009206928812 0.5975042103175983 0.6130563371586664 0.6261042155444472 0.6373482763285471 0.6472807868671641 0.6562523921965157 0.6645279140042242 0.6722874532277898 0.6796523124501695 0.6867128998195116 0.69352994200601 0.7001312956329504 0.7065444557028494 0.7127838397499968 0.7188646141691297 0.7247925816433695 0.7305701690717699 0.7362695399971678 0.741881629266784 0.7473820043231928 0.7527891186643563 0.7581150673718359 0.7633666256619915 0.7685452321351556 0.773650453240543 0.7786833738404593 0.7836459784150888 0.7885412013149724 0.7933729799695131 0.7981446093646777 0.8028578020260673 0.8075139167412558 0.8121154996357635 0.8166650436266043 0.8211658673479697 0.8256219574963973 0.8300369381623134 0.834414144730735 0.8387566317640119 0.8430671877819663 0.8473484249280786 0.8516028105004528 0.855832723116351 0.8600404142838274 0.8642284222456605 0.8683995926715486 0.8725565544557979 0.8767017492776025 0.8808374690440673 0.8849623224513093 0.8890759567466441 0.8931805170211154 0.8972782941964853 0.9013672466426932 0.9054403340861944 0.9094998947452007 0.9135481239632327 0.9175856159019348 0.9215829304923132 0.925541498451959 0.9294630884710067 0.9333494603715066 0.9371539276313027 0.9408624254687893 0.9444755076465601 0.9479939141569779 0.9513773563079945 0.9545826820016953 0.9576086467502585 0.9604542533868782 0.9631040468114084 0.9655005145415204 0.9680960825869472 0.971004393476547 0.9736542115346445 0.9758806406468411 0.9817109025249454 0.9879981387546555 0.9905373757436428 0.9917086457058939 1.0 1.0
2.583e-06 0.001082 0.00879 0.02276 0.04534 0.07911 0.1059 0.1428 0.1914 0.2521 0.3243 0.4054 0.4924 0.5801 0.6631 0.7371 0.8 0.8508 0.8906 0.9208 0.9433 0.9598 0.9717 0.9802 0.9862 0.9905 0.9934 0.9955 0.9969 0.9979 0.9985 0.999 0.9993 0.9996 0.9997 0.9998 0.9999 0.9999 0.9999 1.0 1.0 1.0 1.0 1.0 1.0 1.0 1.0 1.0 1.0 1.0 1.0 1.0 1.0 1.0 1.0 1.0 1.0 1.0 1.0 1.0 1.0 1.0 1.0 1.0 1.0 1.0 1.0 1.0 1.0 1.0 1.0 1.0 1.0 1.0 1.0 1.0 1.0 1.0 1.0 1.0 1.0 1.0 1.0 1.0 1.0 1.0 1.0 1.0 1.0 1.0 1.0 1.0 0.0
0.0 1.473452 2.455753 3.438054 4.420355 5.402656 6.384957 7.367258 8.349559 9.33186 10.31416 11.29646 12.27876 13.26106 14.24337 15.22567 16.20797 17.19027 18.17257 19.15487 20.13717 21.11947 22.10177 23.08408 24.06638 25.04868 26.03098 27.01328 27.99558 28.97788 29.96018 30.94248 31.92479 32.90709 33.88939 34.87169 35.85399 36.83629 37.81859 38.80089 39.78319 40.7655 41.7478 42.7301 43.7124 44.6947 45.677 46.6593 47.6416 48.6239 49.6062 50.58851 51.57081 52.55311 53.53541 54.51771 55.50001 56.48231 57.46461 58.44691 59.42922 60.41152 61.39382 62.37612 63.35842 64.34072 65.32302 66.30532 67.28762 68.26993 69.25223 70.23453 71.21683 72.19913 73.18143 74.16373 75.14603 76.12833 77.11064 78.09294 79.07524 80.05754 81.03984 82.02214 83.00444 83.98674 84.96904 85.95135 86.93365 87.91595 88.89825 89.88055 90.86285 91.84515 92.82745 93.80975 94.79205 95.77436
0.005490574606510283 0.029775340190208874 0.08280268564529392 0.17141042613724386 0.2723858972123813 0.3614489332266245 0.43089132572917294 0.48408430841037664 0.524532995858386 0.5555880156100638 0.5798059195446844 0.5991286307788809 0.614862098764825 0.6279705476760409 0.6391759217829343 0.6489916167016532 0.657787201627995 0.6658430157941695 0.6733514361609378 0.6804435580523875 0.6872171740177784 0.6937388669518174 0.7000419475093149 0.7061576499697678 0.7121035723034536 0.7178969243915255 0.7235451951720793 0.7290518084973865 0.7344844366696951 0.7398344836134086 0.745078961450416 0.7502350386919638 0.7553142811819452 0.760323446990106 0.7652643751072948 0.770137064548514 0.7749427179960489 0.7796833093854437 0.7843616321703932 0.7889811811230086 0.7935445349674695 0.7980527919762965 0.8025069144923175 0.806907835308427 0.8112566280722016 0.8155554341688075 0.8198069199872262 0.8240132820724995 0.8281774586729951 0.8323021073127144 0.8363896481311947 0.8404423416983331 0.8444623362942807 0.8484516866243994 0.8524123498792715 0.8563466910385586 0.8602574237711353 0.86414708740127 0.8680180853235373 0.8718726869728148 0.875712777634847 0.8795400692357696 0.8833562894616828 0.8871631650136891 0.890962470857782 0.894752432027968 0.8985333509185645 0.9023071699451869 0.9060757428736511 0.9098355680368609 0.9135808191729677 0.917313526362389 0.9210357187005449 0.9247453986119442 0.9284181775516372 0.9320553685216607 0.9356582933890305 0.9392282572758011 0.9427167854863906 0.9461158079340152 0.949425848637492 0.952647768484878 0.9557379084347214 0.9586635458758848 0.9614237972653625 0.9640178746049334 0.9664258395696025 0.9686005777457183 0.9709540427834062 0.9735897648439753 0.9759869440829904 0.9779955722340546 0.9832929099767451 0.9889979973990506 0.9913618571182755 0.9924307363205692 1.0 1.0
2.701e-06 0.001013 0.008182 0.02126 0.04223 0.07343 0.09774 0.131 0.1752 0.2304 0.2968 0.3725 0.4552 0.5407 0.6239 0.7004 0.7673 0.8229 0.8677 0.9025 0.929 0.9488 0.9634 0.974 0.9816 0.9871 0.991 0.9937 0.9956 0.9969 0.9979 0.9985 0.999 0.9993 0.9995 0.9997 0.9998 0.9999 0.9999 0.9999 1.0 1.0 1.0 1.0 1.0 1.0 1.0 1.0 1.0 1.0 1.0 1.0 1.0 1.0 1.0 1.0 1.0 1.0 1.0 1.0 1.0 1.0 1.0 1.0 1.0 1.0 1.0 1.0 1.0 1.0 1.0 1.0 1.0 1.0 1.0 1.0 1.0 1.0 1.0 1.0 1.0 1.0 1.0 1.0 1.0 1.0 1.0 1.0 1.0 1.0 1.0 1.0 1.0 1.0 1.0 1.0 1.0 0.0
0.0 1.473452 2.455753 3.438054 4.420355 5.402656 6.384957 7.367258 8.349559 9.33186 10.31416 11.29646 12.27876 13.26106 14.24337 15.22567 16.20797 17.19027 18.17257 19.15487 20.13717 21.11947 22.10177 23.08408 24.06638 25.04868 26.03098 27.01328 27.99558 28.97788 29.96018 30.94248 31.92479 32.90709 33.88939 34.87169 35.85399 36.83629 37.81859 38.80089 39.78319 40.7655 41.7478 42.7301 43.7124 44.6947 45.677 46.6593 47.6416 48.6239 49.6062 50.58851 51.57081 52.55311 53.53541 54.51771 55.50001 56.48231 57.46461 58.44691 59.42922 60.41152 61.39382 62.37612 63.35842 64.34072 65.32302 66.30532 67.28762 68.26993 69.25223 70.23453 71.21683 72.19913 73.18143 74.16373 75.14603 76.12833 77.11064 78.09294 79.07524 80.05754 81.03984 82.02214 83.00444 83.98674 84.96904 85.95135 86.93365 87.91595 88.89825 89.88055 90.86285 91.84515 92.82745 93.80975 94.79205 95.77436 96.75666 97.73896 98.72126 99.70356 100.6859 101.6682 102.6505 103.6328 104.6151 105.5974
0.006935639543128247 0.030481068684748088 0.08156382576867205 0.16799060631726218 0.26753701661642537 0.3562027629095345 0.425987132853329 0.47983627823096775 0.5210953061072766 0.5529417236890444 0.577831401671452 0.5976612948436396 0.6137223252668866 0.6269877510240598 0.6382016630452 0.6479035114832653 0.656488938656782 0.6642612231278939 0.6714319864546903 0.6781482498782803 0.6845200223062466 0.6906235659618244 0.6965008493161986 0.7021889320168586 0.7077101561115741 0.7130846655202348 0.718322621902174 0.7234296092907732 0.7284677548627205 0.7334303834063558 0.7382978625840178 0.7430860938302171 0.7478055857733519 0.7524623068727554 0.7570576538760535 0.761591384299184 0.7660643931646202 0.7704783226611726 0.7748355039872431 0.7791388824370492 0.7833905703819125 0.7875914796013346 0.7917427012735948 0.7958454133192387 0.7999008330871148 0.8039107742791507 0.8078773571523283 0.8118023569659804 0.815687281852688 0.8195333570469602 0.8233416106417918 0.8271128676744186 0.8308478112401861 0.8345470771204768 0.8382113799532783 0.8418419922870629 0.8454403907117698 0.8490079650750717 0.8525466394781445 0.8560582049516416 0.8595442780559772 0.8630063757951005 0.8664460437584807 0.8698648699210119 0.8732644550717871 0.876646535041836 0.8800128614335098 0.883365005464674 0.8867044348538996 0.8900324536923011 0.8933503966279275 0.8966597954503417 0.8999621021067935 0.9032587153163242 0.906551017040946 0.909836172385689 0.9131148644458992 0.9163884830692491 0.9196584506317619 0.9229195438690267 0.9261684567178555 0.9294067120964433 0.9326358496800135 0.9358492731135112 0.9390300824406579 0.9421793530684118 0.9452981682893918 0.9483859711788212 0.9513948957771265 0.9543252407537013 0.9571775393763409 0.959952530925722 0.9626005110976543 0.9651048391769502 0.967464863610906 0.9696800738030008 0.9717233923663013 0.9735639469397318 0.9755521427643326 0.9777760784398323 0.9797875280917043 0.9814659751696752 0.9868680183478737 0.9910390458423274 0.9930605004260296 0.9935458864902178 1.0 1.0
1.705e-06 0.0008542 0.00706 0.01843 0.03675 0.06395 0.0844 0.1126 0.1498 0.1968 0.2539 0.3204 0.3952 0.4755 0.5569 0.6354 0.7073 0.77 0.8226 0.8654 0.8992 0.9253 0.9452 0.96 0.9711 0.9792 0.9851 0.9893 0.9923 0.9945 0.9961 0.9972 0.9981 0.9986 0.999 0.9993 0.9995 0.9997 0.9998 0.9998 0.9999 0.9999 0.9999 1.0 1.0 1.0 1.0 1.0 1.0 1.0 1.0 1.0 1.0 1.0 1.0 1.0 1.0 1.0 1.0 1.0 1.0 1.0 1.0 1.0 1.0 1.0 1.0 1.0 1.0 1.0 1.0 1.0 1.0 1.0 1.0 1.0 1.0 1.0 1.0 1.0 1.0 1.0 1.0 1.0 1.0 1.0 1.0 1.0 1.0 1.0 1.0 1.0 1.0 1.0 1.0 1.0 1.0 1.0 1.0 1.0 1.0 1.0 1.0 1.0 1.0 1.0 1.0 0.0
0.0 1.473452 2.455753 3.438054 4.420355 5.402656 6.384957 7.367258 8.349559 9.33186 10.31416 11.29646 12.27876 13.26106 14.24337 15.22567 16.20797 17.19027 18.17257 19.15487 20.13717 21.11947 22.10177 23.08408 24.06638 25.04868 26.03098 27.01328 27.99558 28.97788 29.96018 30.94248 31.92479 32.90709 33.88939 34.87169 35.85399 36.83629 37.81859 38.80089 39.78319 40.7655 41.7478 42.7301 43.7124 44.6947 45.677 46.6593 47.6416 48.6239 49.6062 50.58851 51.57081 52.55311 53.53541 54.51771 55.50001 56.48231 57.46461 58.44691 59.42922 60.41152 61.39382 62.37612 63.35842 64.34072 65.32302 66.30532 67.28762 68.26993 69.25223 70.23453 71.21683 72.19913 73.18143 74.16373 75.14603 76.12833 77.11064 78.09294 79.07524 80.05754 81.03984 82.02214 83.00444 83.98674 84.96904 85.95135 86.93365 87.91595 88.89825 89.88055 90.86285 91.84515 92.82745 93.80975 94.79205 95.77436 96.75666 97.73896 98.72126 99.70356 100.6859 101.6682 102.6505 103.6328 104.6151 105.5974 106.5797 107.562 108.5443 109.5266 110.5089 111.4912 112.4735 113.4558 114.4381 115.4204
0.004082403196100596 0.02686066674431398 0.07675958873134413 0.16181526176100458 0.26050052471790186 0.34923638093624343 0.4197656921622898 0.47469602340047096 0.5171052510146641 0.550017980715614 0.5758108100510327 0.5963523951820366 0.6129267143695062 0.6265195109298898 0.6378982582732767 0.647628878344703 0.6561333648794292 0.6637386709404349 0.6706764018148748 0.6771103047184512 0.6831637811388326 0.688923932334254 0.6944422700026163 0.6997628999217507 0.7049139683282853 0.7099196517518259 0.7147935562573805 0.7195440130128746 0.7242294839024942 0.7288454125727039 0.7333750362884176 0.7378332879594408 0.7422299348564875 0.7465703985382689 0.7508558532821166 0.755085927020276 0.7592612930182079 0.7633833086342026 0.7674539208259816 0.7714756543390237 0.7754504325077005 0.7793790575415891 0.7832623562579223 0.7871011466151765 0.7908962249170914 0.7946489957686561 0.7983612427327584 0.8020345023114224 0.8056700413067649 0.8092688942246332 0.8128319105213032 0.8163598933906582 0.8198537464258164 0.8233143879844902 0.8267427068952043 0.8301397986907922 0.8335068612719351 0.8368449124112739 0.8401548340471902 0.8434373663779685 0.846693089159978 0.8499224345036531 0.8531258345194287 0.8563037764388883 0.8594569463234739 0.8625862566250599 0.8656925095532233 0.8687765860620393 0.8718396515700837 0.874882748457653 0.8779070736411223 0.8809140021962941 0.8839048767168651 0.8868809955027519 0.8898436164973155 0.8927939602402803 0.8957331921502221 0.8986624392577733 0.9015828148132793 0.9044953523382809 0.9074010951973814 0.9103011625467634 0.9131966272802169 0.9160885554013884 0.918977835738803 0.9218613628063068 0.9247402341053459 0.9276155835566964 0.9304886011865895 0.9333527856523803 0.9362068927909951 0.9390521352677083 0.9418897562612877 0.9447096951777629 0.9475009858614327 0.9502645092663726 0.9530011611112511 0.955702562981444 0.9583342149436125 0.9608963945721132 0.9633896422510659 0.9658146686495686 0.9681173438151499 0.9702933820784876 0.9723422666788111 0.9742636344071219 0.9760249618169896 0.9776077006418283 0.9796152050082698 0.981593829829942 0.9835324022468357 0.9845948584535752 0.991565622645072 0.9925559813734299 0.9940497202133167 0.9944673465818379 1.0 1.0
2.455e-06 0.0007557 0.006228 0.01626 0.03242 0.05622 0.07351 0.09727 0.1287 0.1685 0.2174 0.2752 0.3417 0.4152 0.4926 0.5702 0.6445 0.7121 0.7714 0.8216 0.8627 0.8956 0.9215 0.9415 0.9567 0.9681 0.9767 0.983 0.9875 0.9908 0.9934 0.9952 0.9965 0.9975 0.9982 0.9987 0.9991 0.9993 0.9995 0.9997 0.9998 0.9998 0.9999 0.9999 0.9999 1.0 1.0 1.0 1.0 1.0 1.0 1.0 1.0 1.0 1.0 1.0 1.0 1.0 1.0 1.0 1.0 1.0 1.0 1.0 1.0 1.0 1.0 1.0 1.0 1.0 1.0 1.0 1.0 1.0 1.0 1.0 1.0 1.0 1.0 1.0 1.0 1.0 1.0 1.0 1.0 1.0 1.0 1.0 1.0 1.0 1.0 1.0 1.0 1.0 1.0 1.0 1.0 1.0 1.0 1.0 1.0 1.0 1.0 1.0 1.0 1.0 1.0 1.0 1.0 1.0 1.0 1.0 1.0 1.0 1.0 1.0 1.0 0.0
0.0 1.473452 2.455753 3.438054 4.420355 5.402656 6.384957 7.367258 8.349559 9.33186 10.31416 11.29646 12.27876 13.26106 14.24337 15.22567 16.20797 17.19027 18.17257 19.15487 20.13717 21.11947 22.10177 23.08408 24.06638 25.04868 26.03098 27.01328 27.99558 28.97788 29.96018 30.94248 31.92479 32.90709 33.88939 34.87169 35.85399 36.83629 37.81859 38.80089 39.78319 40.7655 41.7478 42.7301 43.7124 44.6947 45.677 46.6593 47.6416 48.6239 49.6062 50.58851 51.57081 52.55311 53.53541 54.51771 55.50001 56.48231 57.46461 58.44691 59.42922 60.41152 61.39382 62.37612 63.35842 64.34072 65.32302 66.30532 67.28762 68.26993 69.25223 70.23453 71.21683 72.19913 73.18143 74.16373 75.14603 76.12833 77.11064 78.09294 79.07524 80.05754 81.03984 82.02214 83.00444 83.98674 84.96904 85.95135 86.93365 87.91595 88.89825 89.88055 90.86285 91.84515 92.82745 93.80975 94.79205 95.77436 96.75666 97.73896 98.72126 99.70356 100.6859 101.6682 102.6505 103.6328 104.6151 105.5974 106.5797 107.562 108.5443 109.5266 110.5089 111.4912 112.4735 113.4558 114.4381 115.4204 116.4027 117.385 118.3673 119.3496 120.3319 121.3142 122.2965 123.2788 124.2611 125.2434
0.004300566085793606 0.025960927255402905 0.07436103525853775 0.15803271169414318 0.2553477167990596 0.3434580538046198 0.41414583051784976 0.4696799325899751 0.512875408023199 0.5465898019425087 0.5731058703827301 0.5942474260473698 0.6112777960752321 0.6251824569471243 0.6367412510466024 0.6465376115971418 0.6550126768464435 0.6625119404289923 0.6692831496436301 0.6755039891247845 0.6813094061872506 0.6867960849847047 0.692024005820395 0.697043616923446 0.7018882652948837 0.7065858718495454 0.7111532661174544 0.7156015257016383 0.7199866528911412 0.7243060862425191 0.7285457555362689 0.732720185790845 0.7368388864388647 0.7409071841407724 0.7449263901351029 0.7488962770223805 0.7528174954998063 0.7566912514736901 0.7605192647140925 0.7643037698392371 0.7680462907209347 0.7717473412229354 0.775407392879217 0.7790268916290106 0.7826062696297613 0.7861465270453969 0.7896491188387957 0.7931152873395607 0.7965460632284321 0.7999423403526994 0.8033049377442402 0.8066346193077865 0.8099320987429912 0.8131980572638678 0.8164331239105246 0.8196381698887445 0.8228142563960805 0.825962307796635 0.8290831116210595 0.8321773274262745 0.835245471044857 0.8382880642158635 0.841305789137721 0.8442994343254943 0.8472698020760345 0.8502176887797133 0.8531437687596507 0.856048564739317 0.858932455717838 0.8617957065023956 0.8646386882168089 0.8674618861768424 0.8702657325399407 0.8730506584791358 0.8758172251100167 0.8785660083143726 0.8812974254834487 0.8840121725974581 0.8867111513789971 0.8893952261429557 0.8920653517702489 0.8947225658325101 0.8973678842442797 0.9000023140603783 0.9026268328032273 0.9052424111043548 0.9078499949849558 0.9104505019182392 0.9130448562683076 0.9156339223500508 0.9182185477433327 0.9207996194045495 0.9233779937732847 0.9259545115385089 0.9285291963261417 0.9310998420659453 0.933667350480516 0.9362326616845688 0.9387967610758314 0.9413521090327288 0.9438991446035994 0.9464389595028085 0.9489726513512019 0.9514874611678111 0.9539771832111023 0.9564425607131276 0.9588843654539256 0.9612879818490171 0.9636293902135299 0.9659088021963267 0.9681266883469719 0.9702779336538835 0.9723162805354167 0.9742413499924455 0.9760527167584179 0.9777501170105658 0.9792965653562526 0.9806831292290635 0.9824324474394143 0.9841513817328151 0.9858251481901102 0.9868871775723139 0.9927778290771964 0.9936264415904852 0.9948545759532987 0.9952178254507358 1.0 1.0
1.947e-06 0.0006754 0.005515 0.01436 0.02883 0.05 0.06476 0.08505 0.1119 0.1461 0.1882 0.2386 0.2976 0.3644 0.4366 0.5114 0.5857 0.656 0.7199 0.7759 0.8235 0.8628 0.8946 0.9198 0.9395 0.9546 0.9662 0.9749 0.9812 0.986 0.9897 0.9924 0.9944 0.9959 0.997 0.9978 0.9984 0.9988 0.9992 0.9994 0.9996 0.9997 0.9998 0.9998 0.9999 0.9999 0.9999 1.0 1.0 1.0 1.0 1.0 1.0 1.0 1.0 1.0 1.0 1.0 1.0 1.0 1.0 1.0 1.0 1.0 1.0 1.0 1.0 1.0 1.0 1.0 1.0 1.0 1.0 1.0 1.0 1.0 1.0 1.0 1.0 1.0 1.0 1.0 1.0 1.0 1.0 1.0 1.0 1.0 1.0 1.0 1.0 1.0 1.0 1.0 1.0 1.0 1.0 1.0 1.0 1.0 1.0 1.0 1.0 1.0 1.0 1.0 1.0 1.0 1.0 1.0 1.0 1.0 1.0 1.0 1.0 1.0 1.0 1.0 1.0 1.0 1.0 1.0 1.0 1.0 1.0 1.0 1.0 0.0
0.0 1.473452 2.455753 3.438054 4.420355 5.402656 6.384957 7.367258 8.349559 9.33186 10.31416 11.29646 12.27876 13.26106 14.24337 15.22567 16.20797 17.19027 18.17257 19.15487 20.13717 21.11947 22.10177 23.08408 24.06638 25.04868 26.03098 27.01328 27.99558 28.97788 29.96018 30.94248 31.92479 32.90709 33.88939 34.87169 35.85399 36.83629 37.81859 38.80089 39.78319 40.7655 41.7478 42.7301 43.7124 44.6947 45.677 46.6593 47.6416 48.6239 49.6062 50.58851 51.57081 52.55311 53.53541 54.51771 55.50001 56.48231 57.46461 58.44691 59.42922 60.41152 61.39382 62.37612 63.35842 64.34072 65.32302 66.30532 67.28762 68.26993 69.25223 70.23453 71.21683 72.19913 73.18143 74.16373 75.14603 76.12833 77.11064 78.09294 79.07524 80.05754 81.03984 82.02214 83.00444 83.98674 84.96904 85.95135 86.93365 87.91595 88.89825 89.88055 90.86285 91.84515 92.82745 93.80975 94.79205 95.77436 96.75666 97.73896 98.72126 99.70356 100.6859 101.6682 102.6505 103.6328 104.6151 105.5974 106.5797 107.562 108.5443 109.5266 110.5089 111.4912 112.4735 113.4558 114.4381 115.4204 116.4027 117.385 118.3673 119.3496 120.3319 121.3142 122.2965 123.2788 124.2611 125.2434 126.2257 127.208 128.1903 129.1726 130.1549 131.1372 132.1195 133.1018 134.0841 135.0664
0.005020323553747581 0.02587074232480638 0.07287754291672174 0.15454556554658067 0.2504121039904353 0.3378941899616959 0.4087656722550669 0.46493299051223524 0.5089546477288021 0.5435271915140537 0.570837956399159 0.5926628807260079 0.6102399247193816 0.624549581317373 0.6363804911850107 0.6463306835204596 0.6548585830375471 0.6623272112247526 0.6689999331372866 0.6750681549488411 0.6806785241960943 0.6859376182535699 0.6909142132364037 0.6956659761051665 0.7002324905472008 0.7046464813489055 0.708928855109999 0.7130939795784744 0.7171965959726619 0.721236312355365 0.7252017330048713 0.7291073871709339 0.7329627561885543 0.7367731321946562 0.7405398682588588 0.7442627713668639 0.7479424333635343 0.7515799768830514 0.7551769549027004 0.7587353468038015 0.7622564908844716 0.7657407564322704 0.7691884467553802 0.7725998503904814 0.7759752332246167 0.779315378147413 0.7826214905134656 0.7858945964498071 0.78913555467311 0.7923450742154892 0.7955237380589055 0.7986720494192072 0.8017904662129685 0.8048793882555205 0.8079391769562889 0.8109704537031406 0.8139740969080846 0.816950876658779 0.819901441916562 0.8228264288408035 0.825726399733361 0.8286018706120516 0.8314534195350022 0.8342816442556761 0.8370871720705416 0.8398706765601079 0.8426327928989776 0.8453740174096314 0.8480947252882297 0.8507951765132148 0.8534757324940118 0.8561369998469857 0.858779643289744 0.8614043570828991 0.8640117921573233 0.8666024438507298 0.8691766883440464 0.87173483682359 0.8742771472982692 0.87680384134062 0.8793151937005865 0.88181149882345 0.8842930373677559 0.8867601205198211 0.8892131914247174 0.8916526715626467 0.8940788563636564 0.8964924184234889 0.8988941110887663 0.9012846739193748 0.9036648898049414 0.9060355938277346 0.9083975994051525 0.9107517199545938 0.9130987531371875 0.9154394818425602 0.9177746682802357 0.9201050726902036 0.9224314494038526 0.9247544926817952 0.9270749273124154 0.9293935509568423 0.9317111258245995 0.9340283904908064 0.9363446940245911 0.9386586252550916 0.9409709454070646 0.9432824373701368 0.945592961307419 0.9478960285902939 0.9501924743010298 0.9524832881302873 0.9547694459819909 0.9570360335625588 0.9592807386394838 0.9615042407018757 0.963707226132212 0.9658700675428818 0.967977303109948 0.9700291248629415 0.9720259099675571 0.9739545629945408 0.9757813458324299 0.9775058448791573 0.979127654410791 0.980646086075319 0.9820213355976302 0.9832517771276942 0.9847906880031383 0.986296888863686 0.9877521024370447 0.990752339333537 0.9938988397076455 0.995126509119094 0.9958679174128412 0.9958679174128412 1.0 1.0
1.451e-06 0.0006152 0.005004 0.01304 0.02607 0.04503 0.05774 0.07518 0.09828 0.1276 0.1639 0.2077 0.2596 0.3193 0.3855 0.456 0.5282 0.5989 0.6655 0.7261 0.7792 0.8246 0.8625 0.8933 0.918 0.9374 0.9525 0.9641 0.9727 0.9794 0.9846 0.9885 0.9914 0.9936 0.9952 0.9965 0.9974 0.9981 0.9986 0.9989 0.9992 0.9994 0.9996 0.9997 0.9998 0.9998 0.9999 0.9999 0.9999 1.0 1.0 1.0 1.0 1.0 1.0 1.0 1.0 1.0 1.0 1.0 1.0 1.0 1.0 1.0 1.0 1.0 1.0 1.0 1.0 1.0 1.0 1.0 1.0 1.0 1.0 1.0 1.0 1.0 1.0 1.0 1.0 1.0 1.0 1.0 1.0 1.0 1.0 1.0 1.0 1.0 1.0 1.0 1.0 1.0 1.0 1.0 1.0 1.0 1.0 1.0 1.0 1.0 1.0 1.0 1.0 1.0 1.0 1.0 1.0 1.0 1.0 1.0 1.0 1.0 1.0 1.0 1.0 1.0 1.0 1.0 1.0 1.0 1.0 1.0 1.0 1.0 1.0 1.0 1.0 1.0 1.0 1.0 1.0 1.0 1.0 0.0 1.0 0.0
0.0 1.473452 2.455753 3.438054 4.420355 5.402656 6.384957 7.367258 8.349559 9.33186 10.31416 11.29646 12.27876 13.26106 14.24337 15.22567 16.20797 17.19027 18.17257 19.15487 20.13717 21.11947 22.10177 23.08408 24.06638 25.04868 26.03098 27.01328 27.99558 28.97788 29.96018 30.94248 31.92479 32.90709 33.88939 34.87169 35.85399 36.83629 37.81859 38.80089 39.78319 40.7655 41.7478 42.7301 43.7124 44.6947 45.677 46.6593 47.6416 48.6239 49.6062 50.58851 51.57081 52.55311 53.53541 54.51771 55.50001 56.48231 57.46461 58.44691 59.42922 60.41152 61.39382 62.37612 63.35842 64.34072 65.32302 66.30532 67.28762 68.26993 69.25223 70.23453 71.21683 72.19913 73.18143 74.16373 75.14603 76.12833 77.11064 78.09294 79.07524 80.05754 81.03984 82.02214 83.00444 83.98674 84.96904 85.95135 86.93365 87.91595 88.89825 89.88055 90.86285 91.84515 92.82745 93.80975 94.79205 95.77436 96.75666 97.73896 98.72126 99.70356 100.6859 101.6682 102.6505 103.6328 104.6151 105.5974 106.5797 107.562 108.5443 109.5266 110.5089 111.4912 112.4735 113.4558 114.4381 115.4204 116.4027 117.385 118.3673 119.3496 120.3319 121.3142 122.2965 123.2788 124.2611 125.2434 126.2257 127.208 128.1903 129.1726 130.1549 131.1372 132.1195 133.1018 134.0841 135.0664 136.0487 137.031 138.0133 138.9956 139.9779 140.9602 141.9425 142.9248 143.9071
0.005284912771651716 0.025808960036974117 0.07161157481736653 0.1516084859446976 0.24646469233497026 0.33349595292322615 0.4044074178060204 0.4609641204979919 0.5055455814621184 0.5407413405501735 0.5686612042426658 0.5910342179259902 0.6090685052320493 0.6237324068233379 0.6358150219978466 0.645921648616982 0.6545215604482345 0.6619903429531522 0.6686031831855962 0.6745622321940086 0.6800236946072727 0.6851024320422502 0.6898746725548154 0.694404280791597 0.6987361690305376 0.7029072718856837 0.7069421319998292 0.7108582086381459 0.7147095755883988 0.7184979180089741 0.7222143472064566 0.7258736858773448 0.7294858105665216 0.733056556787393 0.7365879810044297 0.7400805490738075 0.743535222254781 0.7469532464417736 0.7503361777716935 0.7536858727749658 0.7570035359803493 0.7602894392193544 0.7635437115134592 0.7667663243006569 0.7699571978043087 0.7731167486357513 0.7762458592624971 0.7793453235113489 0.7824158091423215 0.7854578676976102 0.7884719226828294 0.791458331615509 0.7944174175417923 0.7973494522931897 0.8002546732298244 0.8031335668907045 0.8059868581598582 0.8088151911597776 0.8116191400852842 0.8143992062488374 0.8171557836091483 0.8198892237743665 0.8225999069146477 0.8252882269887032 0.8279546065172502 0.8305995625710968 0.8332236171455352 0.8358272006404569 0.8384106292077276 0.8409742032408641 0.8435183600340358 0.8460436875706188 0.848550772849092 0.8510401683965478 0.8535123971931748 0.8559679044123166 0.8584070623449548 0.860830199946613 0.8632375900336987 0.8656294551928834 0.868006096802581 0.8703679580663414 0.8727155560549725 0.8750494275372183 0.8773700679161573 0.8796778494827717 0.8819730588420236 0.8842559392634171 0.8865267143185204 0.8887855691679277 0.8910327116248592 0.893268357381709 0.8954926994782455 0.8977059890631468 0.8999085777445626 0.9021007875837389 0.904282812605341 0.9064552900375836 0.908618843320127 0.9107740821040762 0.9129216948322787 0.9150624191924205 0.9171969869628073 0.9193261141633962 0.9214504823427571 0.9235707572911113 0.925687585100745 0.9278015882264212 0.9299133841984196 0.932023516679761 0.9341325963064474 0.9362413459927135 0.938350461075684 0.9404606231039288 0.9425706561106956 0.9446798361968534 0.9467888655938042 0.9488984534272278 0.9510071381103065 0.9531102610812836 0.9552085462392905 0.9573028238523107 0.9593936326588811 0.9614647592882534 0.9635167986180811 0.9655503662088504 0.9675661012585692 0.9695401131261105 0.9714640370831444 0.9733380888220651 0.9751625618421119 0.9769175651679703 0.9785795252952753 0.9801479044703861 0.9816222289579531 0.9829953818938634 0.9842368216290519 0.9855430360554912 0.9869628937814787 0.9882480639184771 0.9893253715906216 0.9920329296534284 0.994697316735795 0.9959024167345907 0.9964169681767283 1.0 1.0
1.188e-06 0.0005459 0.00452 0.01181 0.02354 0.04064 0.05177 0.06699 0.08714 0.1127 0.1444 0.1827 0.2286 0.2822 0.3425 0.4082 0.4772 0.5467 0.6142 0.6774 0.7347 0.785 0.8282 0.8643 0.8939 0.9177 0.9367 0.9514 0.9625 0.9713 0.9782 0.9835 0.9875 0.9906 0.9929 0.9947 0.996 0.997 0.9977 0.9983 0.9987 0.9991 0.9993 0.9995 0.9996 0.9997 0.9998 0.9998 0.9999 0.9999 0.9999 1.0 1.0 1.0 1.0 1.0 1.0 1.0 1.0 1.0 1.0 1.0 1.0 1.0 1.0 1.0 1.0 1.0 1.0 1.0 1.0 1.0 1.0 1.0 1.0 1.0 1.0 1.0 1.0 1.0 1.0 1.0 1.0 1.0 1.0 1.0 1.0 1.0 1.0 1.0 1.0 1.0 1.0 1.0 1.0 1.0 1.0 1.0 1.0 1.0 1.0 1.0 1.0 1.0 1.0 1.0 1.0 1.0 1.0 1.0 1.0 1.0 1.0 1.0 1.0 1.0 1.0 1.0 1.0 1.0 1.0 1.0 1.0 1.0 1.0 1.0 1.0 1.0 1.0 1.0 1.0 1.0 1.0 1.0 1.0 1.0 1.0 1.0 1.0 1.0 1.0 1.0 1.0 1.0 1.0 1.0 0.0
