0.25 1.0 2.0 3.0 4.0 5.0 6.0 7.0 8.0 9.0 10.0 12.0 14.0 16.0 18.0 20.0 22.0 24.0 26.0 28.0 30.0 35.0 40.0 45.0 50.0 55.0 60.0 70.0 80.0 100.0 120.0 140.0 160.0 200.0
0.0 0.7677146
1.0 1.0
0.0 0.0
0.0 0.7677146
1.0 1.0
0.0 0.0
0.0 0.7677146 1.247536 1.727358 1.841812
0.9999983643492305 0.9999983650221052 0.9999999999999233 1.0 1.0
0.0 0.0 0.0 0.0 0.0
0.0 0.7677146 1.247536 1.727358 2.207179 2.687001 2.762718
2.7133570340274696e-06 0.05066547648601577 0.9831637577168381 0.9999996925499394 0.999999999999952 1.0 1.0
0.0 0.0 0.0 0.0 0.0 0.0 0.0
0.0 0.7677146 1.247536 1.727358 2.207179 2.687001 3.166823 3.646644 3.683624
1.1294138816320152e-08 2.516229066519699e-07 0.0013406407008936091 0.20604370393694038 0.9384891089559577 0.9998794627692972 0.999999994456716 1.0 1.0
0.0 0.0 0.0 0.0 0.0 0.0 0.0 0.0 0.0
0.0 0.7677146 1.247536 1.727358 2.207179 2.687001 3.166823 3.646644 4.126466 4.60453
0.002442258236520684 0.002442326819262816 0.002442951403941207 0.002462818222991727 0.011996614646048695 0.311442345484184 0.9194979703536618 0.9993225159113227 0.9999999999999999 1.0
0.0 0.0 0.0 0.0 0.0 0.0 0.0 0.0 0.0 0.0
0.0 0.7677146 1.247536 1.727358 2.207179 2.687001 3.166823 3.646644 4.126466 4.606288 5.086109 5.525436
0.00010587128148471197 0.00010605058877769137 0.13677200623390903 0.13677254306807096 0.1367729270067431 0.13693121502030767 0.15851991692474077 0.466725800987206 0.9269466854431755 0.9988257790285072 1.0 1.0
0.0 0.0 0.0 0.0 0.0 0.0 0.0 0.0 0.0 0.0 0.0 0.0
0.0 0.7677146 1.247536 1.727358 2.207179 2.687001 3.166823 3.646644 4.126466 4.606288 5.086109 5.565931 6.045752 6.446342
3.161492127189946e-08 2.061811926824149e-07 0.02428453856322369 0.02444441860573822 0.32052851232956414 0.32061206322313146 0.3206132748586029 0.32109364752261754 0.35165313101461027 0.6198548814103214 0.9445350977780766 0.9987512397529104 1.0 1.0
0.0 0.0 0.0 0.0 0.0 0.0 0.0 0.0 0.0 0.0 0.0 0.0 0.0 0.0
0.0 0.7677146 1.247536 1.727358 2.207179 2.687001 3.166823 3.646644 4.126466 4.606288 5.086109 5.565931 6.045752 6.525574 7.005396 7.367248
4.2650197208779256e-08 2.518001520163592e-07 0.0027389506316881154 0.0027507080884555694 0.07424392159376746 0.08419988424794926 0.4171815553187607 0.41818317685505546 0.41818786892502363 0.4192289979336484 0.45858337533070104 0.7039009767374399 0.9560638154276139 0.9988053630532179 1.0 1.0
0.0 0.0 0.0 0.0 0.0 0.0 0.0 0.0 0.0 0.0 0.0 0.0 0.0 0.0 0.0 0.0
0.0 0.7677146 1.247536 1.727358 2.207179 2.687001 3.166823 3.646644 4.126466 4.606288 5.086109 5.565931 6.045752 6.525574 7.005396 7.485218 7.96504 8.288154
8.697984896149151e-08 0.010999051670800885 0.011000532036297453 0.013734699654073779 0.07497103248985607 0.07828542247347726 0.16753755805317286 0.20987020546752908 0.49208078792674065 0.49466175642950183 0.49467511070011905 0.4964869394657747 0.5430016005813393 0.7659892650842514 0.9655954442010493 0.998958725484619 1.0 1.0
0.0 0.0 0.0 0.0 0.0 0.0 0.0 0.0 0.0 0.0 0.0 0.0 0.0 0.0 0.0 0.0 0.0 0.0
0.0 0.7677146 1.247536 1.727358 2.207179 2.687001 3.166823 3.646644 4.126466 4.606288 5.086109 5.565931 6.045752 6.525574 7.005396 7.485218 7.96504 8.44486 8.924683 9.20906
2.417722335028421e-07 1.366223861335434e-06 0.00016512912503003363 0.09639454660137217 0.09639648055475566 0.12205935497353763 0.22237990701387178 0.24261720627488614 0.3151406260397179 0.3855598391349925 0.5893122603811152 0.5928167362928743 0.5928446895090493 0.5953789629631597 0.6433021835221219 0.8287064003588267 0.9754512638718568 0.9992128502837717 1.0 1.0
0.0 0.0 0.0 0.0 0.0 0.0 0.0 0.0 0.0 0.0 0.0 0.0 0.0 0.0 0.0 0.0 0.0 0.0 0.0 0.0
0.0 0.1439465 0.23991079999999998 0.3358752 0.43183940000000004 0.5278038 0.6237680999999999 0.7197324 0.8156968 0.9116611 1.007625 1.10359 1.199554 1.295518 1.391483 1.487447 1.583412 1.871304 2.351126 2.830948 3.310769 3.79059 4.270412 4.750234 5.230056 5.709877 6.189698 6.66952 7.149342 7.629164 8.108985 8.588807 9.068628 9.54845 10.02827 10.50809 10.98792 11.05087
3.1788020620265686e-07 6.404158919723213e-07 1.1933838667925238e-06 5.43104111741934e-06 2.8703225034875553e-05 0.0001177322398255781 0.00036298440356024507 0.0009172270440208103 0.001989975950892652 0.0038452506470373258 0.006790951717461683 0.011171126374210525 0.017327903199130835 0.025640081537032868 0.03645031181888297 0.05008984246114649 0.0667277827643344 0.1799691331374839 0.21787371938672417 0.2975394071869991 0.39249134087824805 0.4763060721983209 0.47705510542754925 0.5040831485958019 0.5346699695038758 0.6021305165511136 0.6166688030969365 0.7236553275529587 0.7668959468219728 0.7673688646969113 0.767619924433054 0.7758714521033678 0.838789213381153 0.9500037218986044 0.9955757169725936 0.999904673121604 1.0 1.0
0.9999971 0.9999987 0.08840718 0.07901973 0.08766192 0.08874443 0.09140573 0.09267119 0.09422188 0.09544786 0.0967348 0.09793883 0.09914814 0.1003283 0.1014595 0.102624 0.09502947 0.06611381 0.06611381 0.06611381 0.06611381 0.06611381 0.06611381 0.06611381 0.06611381 0.06611381 0.06611381 0.06611381 0.06611381 0.06611381 0.06611381 0.06611381 0.06611381 0.06611381 0.06611381 0.06611381 0.06611381 0.0
0.0 0.1439465 0.23991079999999998 0.3358752 0.43183940000000004 0.5278038 0.6237680999999999 0.7197324 0.8156968 0.9116611 1.007625 1.10359 1.199554 1.295518 1.391483 1.487447 1.583412 1.679376 1.77534 1.871304 2.015251 2.20718 2.399108 2.591036 2.782966 2.974894 3.166824 3.358752 3.694627 4.174448 4.65427 5.134092 5.613913 6.093734 6.573556 7.053378 7.5332 8.013022 8.492843 8.972665 9.452486 9.932308 10.41213 10.89195 11.37177 11.85159 12.33142 12.81124 12.89268
2.0376926952976842e-05 4.1959725949009235e-05 0.00013138722971941112 0.0006156809240938007 0.0014114266533379507 0.00227359985454925 0.003117367658490119 0.004022129123941123 0.005135169783862043 0.006749477736702797 0.009136472159139163 0.01260227905648839 0.017426603994199232 0.023904429189628866 0.032303671112230724 0.042879216105495395 0.05586356789696253 0.07147859674985539 0.0899545474692423 0.11139099170479053 0.13906849438075994 0.17136935365103573 0.20966542415160688 0.253472921134351 0.30193255875551434 0.3540715196562815 0.4089292796992129 0.46486264496036533 0.565427118601669 0.6037538016339024 0.6646148203184334 0.7129011476225491 0.7509151282925508 0.7517183646224839 0.7644983734607569 0.7818348114281637 0.8057184779178449 0.8154342687541607 0.8533237676446813 0.8743350523685016 0.8749741466452283 0.8751340563179323 0.8796577620625456 0.9120661852981229 0.9704510323973978 0.9969005868840254 0.9999136854015864 0.9999999999999999 1.0
0.9999824 0.9999841 0.0005142198 0.001175799 0.00448699 0.01588683 0.04540351 0.0951684 0.1485213 0.1750161 0.1858853 0.1883061 0.1888523 0.1881829 0.1875042 0.186845 0.1862653 0.185576 0.1844604 0.1839397 0.1827249 0.1376202 0.1413923 0.1451088 0.1487852 0.152447 0.1561062 0.1519409 0.1197013 0.1197013 0.1197013 0.1197013 0.1197013 0.1197013 0.1197013 0.1197013 0.1197013 0.1197013 0.1197013 0.1197013 0.1197013 0.1197013 0.1197013 0.1197013 0.1197013 0.1197013 0.1197013 0.1197013 0.0
0.0 0.1439465 0.23991079999999998 0.3358752 0.43183940000000004 0.5278038 0.6237680999999999 0.7197324 0.8156968 0.9116611 1.007625 1.10359 1.199554 1.295518 1.391483 1.487447 1.583412 1.679376 1.77534 1.871304 2.015251 2.20718 2.399108 2.591036 2.782966 2.974894 3.166824 3.358752 3.550681 3.742609 4.078484 4.558306 5.038127 5.517948 5.99777 6.477592 6.957414 7.437236 7.917056 8.396878 8.8767 9.356522 9.836343 10.31616 10.79599 11.27581 11.75563 12.23545 12.71527 13.1951 13.67492 14.15474 14.63456 14.7345
1.1969856920960614e-05 2.521170565557489e-05 0.00034686980094566865 0.004882902351937108 0.014566311114984706 0.02895774098800933 0.04657454731105064 0.06548878473171119 0.0844255259219153 0.10265977614248246 0.12033424060815479 0.13743341052401797 0.154073610136542 0.17055637173146282 0.1868596996621472 0.20324873191088097 0.220060594220959 0.2373446380300439 0.25861879431529394 0.28092665210003087 0.30544149756104544 0.33246263718480346 0.3625608835456608 0.3959138504546046 0.43229335206338526 0.471166743008208 0.5118831565025072 0.5537651597684284 0.5961923733940243 0.6386462634724108 0.6783196994625725 0.7156666781387104 0.7497262120467237 0.7966404547393804 0.814171614736661 0.8395840151341157 0.8613609038083543 0.8791488702291144 0.8797821462976024 0.8846751020546274 0.8919214263091592 0.8997174180449806 0.9041378084492785 0.916339275525058 0.9245237189411896 0.9249823669730959 0.9250879712069273 0.9277782354116505 0.9464212180443387 0.9808175766880531 0.9977134394475086 0.9999230643921522 1.0 1.0
0.9999112 0.9981111 7.799291e-05 8.459332e-05 0.0002554488 0.0006669363 0.001536848 0.003255284 0.00634303 0.01147297 0.01890515 0.02917413 0.04241606 0.0580128 0.07667732 0.09679755 0.1167725 0.1375526 0.1327495 0.1479603 0.1761003 0.1987547 0.2126289 0.2203578 0.2247425 0.2277232 0.2301298 0.2324533 0.2348878 0.2374789 0.2211379 0.2374892 0.2466618 0.193028 0.193028 0.193028 0.193028 0.193028 0.193028 0.193028 0.193028 0.193028 0.193028 0.193028 0.193028 0.193028 0.193028 0.193028 0.193028 0.193028 0.193028 0.193028 0.193028 0.0
0.0 0.1439465 0.23991079999999998 0.3358752 0.43183940000000004 0.5278038 0.6237680999999999 0.7197324 0.8156968 0.9116611 1.007625 1.10359 1.199554 1.295518 1.391483 1.487447 1.583412 1.679376 1.77534 1.871304 2.015251 2.20718 2.399108 2.591036 2.782966 2.974894 3.166824 3.358752 3.550681 3.742609 4.078484 4.558306 5.038127 5.517948 5.99777 6.477592 6.957414 7.437236 7.917056 8.396878 8.8767 9.356522 9.836343 10.31616 10.79599 11.27581 11.75563 12.23545 12.71527 13.1951 13.67492 14.15474 14.63456 15.11438 15.5942 16.07402 16.55385 16.57631
1.616019488105345e-06 3.4837180974436052e-06 0.00025275505841834315 0.003251484145239331 0.011003871320918632 0.02288791691902867 0.0383370602485976 0.05648801222863212 0.07622476760670265 0.09704893733923457 0.1190747217787168 0.1422118711510843 0.16654514990698846 0.1920415332787257 0.21868568156537105 0.24640862612724138 0.27515789030358223 0.3049362587662361 0.33890015704857546 0.37414819714872577 0.4108881251884477 0.4483029280514946 0.485700830837153 0.5229432241038878 0.5597888256388709 0.5959126690392511 0.6310650220535062 0.6651752596423226 0.6981332672389664 0.7297295703046713 0.7591889258008269 0.786541845088741 0.8118189355528884 0.8350332107329741 0.8558511197550189 0.8749465508043072 0.8920268060632515 0.9028926748114509 0.9096995890780981 0.9175642585435061 0.9301157395700792 0.9354798841476443 0.935854263592107 0.9379748269687326 0.9401951310492473 0.9427621495796443 0.9443635461797663 0.9485424263951384 0.9506018422190313 0.9507155650963225 0.9508636150555193 0.9536637346249178 0.9684502532866893 0.9901362933579224 0.9989693828686913 0.9999686071460194 1.0 1.0
0.999999 0.3315741 7.559981e-05 9.969406e-05 0.0002492765 0.0006321929 0.001374144 0.002664296 0.004788025 0.007916964 0.01197613 0.01560347 0.02108602 0.02738856 0.03442256 0.04218204 0.0505791 0.05942519 0.06222273 0.07042477 0.08927 0.1101861 0.1284232 0.1502954 0.1714467 0.1920125 0.2117248 0.2297195 0.246497 0.2633544 0.2887925 0.3080289 0.3252853 0.3431072 0.3483058 0.3718137 0.3856966 0.9998658 0.9998658 0.9998658 0.9998658 0.9998658 0.9998658 0.9998658 0.9998658 0.9998658 0.9998658 0.9998658 0.9998658 0.9998658 0.9998658 0.9998658 0.9998658 0.9998658 0.9998658 0.9998658 0.9998658 0.0
0.0 0.1439465 0.23991079999999998 0.3358752 0.43183940000000004 0.5278038 0.6237680999999999 0.7197324 0.8156968 0.9116611 1.007625 1.10359 1.199554 1.295518 1.391483 1.487447 1.583412 1.679376 1.77534 1.871304 2.015251 2.20718 2.399108 2.591036 2.782966 2.974894 3.166824 3.358752 3.550681 3.742609 4.078484 4.558306 5.038127 5.517948 5.99777 6.477592 6.957414 7.437236 7.917056 8.396878 8.8767 9.356522 9.836343 10.31616 10.79599 11.27581 11.75563 12.23545 12.71527 13.1951 13.67492 14.15474 14.63456 15.11438 15.5942 16.07402 16.55385 17.03367 17.51349 17.99331 18.41812
9.111671749575957e-08 2.008940157290227e-07 0.00019369989299527747 0.0021508132311869534 0.007040160057174433 0.014761131768927785 0.024940327665375586 0.03703441815401919 0.05052977014672419 0.06523329416567542 0.08214416711650906 0.10074885543020716 0.121004988842919 0.14297761553716826 0.16674511179315601 0.1923331435910282 0.21975098362446488 0.24788854590844422 0.2794479983740083 0.3129331955034449 0.3493311927740001 0.38802554389828126 0.42850335222961616 0.47049327889686193 0.5135668194641401 0.556971410372462 0.6001916421174641 0.6426988940320665 0.684005845882538 0.7232415561208111 0.7569063106161964 0.785075843416352 0.8087912886864312 0.8294735878357838 0.8479797646640346 0.864912837841782 0.8804508420924922 0.8946528718675444 0.9074151735120293 0.9190298032891673 0.9295789241815426 0.9345513868856548 0.9377541882202383 0.9410064480677452 0.9493232034103276 0.9514314962383975 0.9516731085006432 0.9526523502344573 0.953499177554203 0.9544337414246525 0.9551768879872419 0.9567775833127954 0.957383492267335 0.9574192044534939 0.9576686834531014 0.9612498067090672 0.9760178589231585 0.9934909676106481 0.9994223343219258 1.0 1.0
0.969512 0.3431645 0.0002121181 0.0003300557 0.0008413313 0.00203957 0.004303677 0.00812239 0.01399999 0.02206223 0.03020344 0.04040416 0.05175931 0.06372724 0.07593013 0.08823542 0.1004644 0.07809034 0.08260491 0.09085239 0.1090142 0.1272722 0.1447459 0.1600463 0.173415 0.1813507 0.1916755 0.2029458 0.2143478 0.2290104 0.2388356 0.2888756 0.3420047 0.3879399 0.4261657 0.4547749 0.480347 0.5048817 0.5217704 0.5475984 0.5708342 0.9998828 0.9998828 0.9998828 0.9998828 0.9998828 0.9998828 0.9998828 0.9998828 0.9998828 0.9998828 0.9998828 0.9998828 0.9998828 0.9998828 0.9998828 0.9998828 0.9998828 0.9998828 0.9998828 0.0
0.0 0.1439465 0.23991079999999998 0.3358752 0.43183940000000004 0.5278038 0.6237680999999999 0.7197324 0.8156968 0.9116611 1.007625 1.10359 1.199554 1.295518 1.391483 1.487447 1.583412 1.679376 1.77534 1.871304 2.015251 2.20718 2.399108 2.591036 2.782966 2.974894 3.166824 3.358752 3.550681 3.742609 4.078484 4.558306 5.038127 5.517948 5.99777 6.477592 6.957414 7.437236 7.917056 8.396878 8.8767 9.356522 9.836343 10.31616 10.79599 11.27581 11.75563 12.23545 12.71527 13.1951 13.67492 14.15474 14.63456 15.11438 15.5942 16.07402 16.55385 17.03367 17.51349 17.99331 18.47313 18.95295 19.43278 19.9126 20.25993
5.792096405115852e-08 4.987853383164861e-07 9.299759006679012e-05 0.0015177886199293049 0.004996442198212329 0.010477053893303225 0.017754722566922263 0.02643192924777914 0.036192865179503333 0.04690875611815797 0.059397333850056445 0.0734342403737424 0.08897567285756701 0.1061416256056877 0.12503839427886088 0.14573648208949896 0.168316999213732 0.1928505484219779 0.2202541585025978 0.24995021274316764 0.2835814989566083 0.3207773922868901 0.36109781944227776 0.40406441766028445 0.4490192161550462 0.4951541268129954 0.5416890184848026 0.5879189128614816 0.6324379432755551 0.6745429611327323 0.7129129662383045 0.7463775331539406 0.7753953013940172 0.8007507530617787 0.8223736351852043 0.8409740277483715 0.857086263948138 0.8713972213717931 0.8843557828491777 0.8962244559331406 0.9070872702710531 0.9169216961553538 0.9259019035897156 0.9340573994143536 0.9417254457904383 0.9438536695585209 0.9454811644545749 0.9476700604856436 0.9541710959939089 0.9552500876290945 0.9554171766368977 0.9558824494051954 0.9562512432011514 0.9566153916743875 0.9570001187873536 0.9576448701536213 0.9578370862566261 0.9578579255768851 0.9583040947783877 0.9632654549690706 0.9795142874430953 0.9951812114474332 0.9996283653029041 0.9999999999999999 1.0
0.2264415 0.0006390596 0.0002825124 0.000292053 0.0007713098 0.001897256 0.004023155 0.007655417 0.0132453 0.02095721 0.0286472 0.03795068 0.04837176 0.05917958 0.07010131 0.08103386 0.09172052 0.1020346 0.1083626 0.116668 0.1343128 0.1506585 0.1652708 0.1777869 0.188741 0.1988739 0.2084919 0.2178422 0.2139947 0.2170379 0.2437155 0.2738788 0.3099906 0.3484547 0.383987 0.4426954 0.5035858 0.5546957 0.5937666 0.623095 0.6491247 0.6710298 0.6931539 0.7156253 0.7405655 0.999869 0.999869 0.999869 0.999869 0.999869 0.999869 0.999869 0.999869 0.999869 0.999869 0.999869 0.999869 0.999869 0.999869 0.999869 0.999869 0.999869 0.999869 0.999869 0.0
0.0 0.1439465 0.23991079999999998 0.3358752 0.43183940000000004 0.5278038 0.6237680999999999 0.7197324 0.8156968 0.9116611 1.007625 1.10359 1.199554 1.295518 1.391483 1.487447 1.583412 1.679376 1.77534 1.871304 2.015251 2.20718 2.399108 2.591036 2.782966 2.974894 3.166824 3.358752 3.550681 3.742609 4.078484 4.558306 5.038127 5.517948 5.99777 6.477592 6.957414 7.437236 7.917056 8.396878 8.8767 9.356522 9.836343 10.31616 10.79599 11.27581 11.75563 12.23545 12.71527 13.1951 13.67492 14.15474 14.63456 15.11438 15.5942 16.07402 16.55385 17.03367 17.51349 17.99331 18.47313 18.95295 19.43278 19.9126 20.39242 20.87224 21.35206 21.83188 22.10174
3.641702657856211e-09 1.0345439900724457e-08 2.37419993278487e-05 0.0011304862938175918 0.0038581182154018567 0.008145230938430274 0.013782498590180362 0.020433096204524923 0.027942257808272378 0.03631726773615915 0.04615636795283137 0.0572766920311203 0.06983937538045232 0.08398387467242588 0.09981198761365041 0.11735530289016788 0.13673844129565263 0.15803740330340915 0.18170785483826074 0.2077086022321187 0.23758840309510065 0.2713307892541781 0.30854130875538294 0.34868571896258443 0.3912121472907484 0.43532355740081335 0.4803354599916109 0.5256018495878328 0.5706483150109124 0.6148019556740345 0.6563773542709023 0.6938521487392786 0.7268548031543302 0.7552350911820971 0.7801993166624553 0.8023596280172752 0.8219469107750799 0.839285082572025 0.8543734753869825 0.8676458643828503 0.8794764604734141 0.8901733288630148 0.8999833846828114 0.9090299039709028 0.9173677515929871 0.9249683798113754 0.9320571963813401 0.9385174254008029 0.9445089824145214 0.9453444322920027 0.9462693659231503 0.9487511843675491 0.95434094119489 0.9550139289148957 0.9551353347842798 0.9553663762812143 0.9555409731877047 0.9556940391923472 0.9559045062194229 0.956173293814537 0.9562375286931112 0.9562673581600343 0.9570527302693106 0.9639279049691769 0.9820260785947275 0.9963486984594202 0.9997562742340619 0.9999999999999999 1.0
0.1281713 0.08793502 0.0008313674 0.0002852671 0.0007589092 0.001886973 0.004087805 0.007921007 0.0137591 0.02157935 0.02946028 0.039053 0.04909036 0.05926679 0.06942334 0.07965254 0.08948061 0.09890497 0.1060993 0.1132768 0.1298526 0.144445 0.1577437 0.1697448 0.1803211 0.1904221 0.1998967 0.2090393 0.2176736 0.2274012 0.2474578 0.2734672 0.3057148 0.332344 0.3740735 0.4125016 0.4579421 0.5064231 0.557452 0.6171456 0.6702534 0.7139706 0.7445653 0.7683959 0.789326 0.8063221 0.8240394 0.8397098 0.8520908 0.8520908 0.8520908 0.8520908 0.8520908 0.8520908 0.8520908 0.8520908 0.8520908 0.8520908 0.8520908 0.8520908 0.8520908 0.8520908 0.8520908 0.8520908 0.8520908 0.8520908 0.8520908 0.8520908 0.0
0.0 0.1439465 0.23991079999999998 0.3358752 0.43183940000000004 0.5278038 0.6237680999999999 0.7197324 0.8156968 0.9116611 1.007625 1.10359 1.199554 1.295518 1.391483 1.487447 1.583412 1.679376 1.77534 1.871304 2.015251 2.20718 2.399108 2.591036 2.782966 2.974894 3.166824 3.358752 3.550681 3.742609 4.078484 4.558306 5.038127 5.517948 5.99777 6.477592 6.957414 7.437236 7.917056 8.396878 8.8767 9.356522 9.836343 10.31616 10.79599 11.27581 11.75563 12.23545 12.71527 13.1951 13.67492 14.15474 14.63456 15.11438 15.5942 16.07402 16.55385 17.03367 17.51349 17.99331 18.47313 18.95295 19.43278 19.9126 20.39242 20.87224 21.35206 21.83188 22.3117 22.79153 23.27135 23.75117 23.94355
2.7194893064151253e-06 5.477830694103463e-06 0.00024184217648653533 0.0013006060504745938 0.0038170089509787578 0.007543575841420631 0.012360130218251754 0.01796097997238788 0.02423366488405877 0.031267729091348624 0.03953909630489523 0.0490352288416869 0.05992904387557975 0.07234375293763372 0.0864088559482533 0.10222990822910492 0.11992514112341757 0.13960972448214243 0.1615610661954324 0.1858345076983513 0.2142617085441293 0.24677355358981257 0.2830623418099696 0.32253237537515544 0.36447689465846284 0.4081588559197849 0.45286340973434874 0.4978439790314774 0.542639445332835 0.585373186048802 0.6240135491920007 0.6593513500957853 0.6911842836663212 0.7199294737154112 0.7460174538722114 0.7696827801570658 0.7908341912294438 0.809253163304102 0.8255969759171372 0.8403321728239666 0.8536632635131592 0.8656371056577793 0.8763183815524338 0.885952882713684 0.8947234235364924 0.9028310610603759 0.9103982429470051 0.9174818534070216 0.9241016116986429 0.9302514579918693 0.9360681670104645 0.9413786742199423 0.9456466350438965 0.946156316969776 0.9467654107827198 0.950016763699437 0.954728923595485 0.955173736168978 0.9552575449711852 0.9553669034000564 0.9554430861392793 0.95550534871219 0.9556112143933878 0.9557121263515209 0.9557324218800233 0.9557892811295787 0.957064930679926 0.9659655518435806 0.9849648330875803 0.9973706794602999 0.9998486022899382 1.0 1.0
0.08785806 0.07065425 0.000170524 0.0005966781 0.001612933 0.004215918 0.009160756 0.01780932 0.03080179 0.04747269 0.06396853 0.08243503 0.100719 0.1186178 0.1354868 0.1512973 0.1657608 0.1786367 0.1885682 0.1973873 0.2163897 0.2316498 0.2437779 0.253889 0.2624117 0.2695891 0.2757463 0.2818316 0.2869346 0.2725794 0.2559624 0.2828277 0.3133271 0.344759 0.3764947 0.4102573 0.4516932 0.4969724 0.5483387 0.5894783 0.6307394 0.6782637 0.7272575 0.7766288 0.8200484 0.8507714 0.8704105 0.8849956 0.8973778 0.9076073 0.9172323 0.9254958 0.9202238 0.9202238 0.9202238 0.9202238 0.9202238 0.9202238 0.9202238 0.9202238 0.9202238 0.9202238 0.9202238 0.9202238 0.9202238 0.9202238 0.9202238 0.9202238 0.9202238 0.9202238 0.9202238 0.9202238 0.0
0.0 0.1439465 0.23991079999999998 0.3358752 0.43183940000000004 0.5278038 0.6237680999999999 0.7197324 0.8156968 0.9116611 1.007625 1.10359 1.199554 1.295518 1.391483 1.487447 1.583412 1.679376 1.77534 1.871304 2.015251 2.20718 2.399108 2.591036 2.782966 2.974894 3.166824 3.358752 3.550681 3.742609 4.078484 4.558306 5.038127 5.517948 5.99777 6.477592 6.957414 7.437236 7.917056 8.396878 8.8767 9.356522 9.836343 10.31616 10.79599 11.27581 11.75563 12.23545 12.71527 13.1951 13.67492 14.15474 14.63456 15.11438 15.5942 16.07402 16.55385 17.03367 17.51349 17.99331 18.47313 18.95295 19.43278 19.9126 20.39242 20.87224 21.35206 21.83188 22.3117 22.79153 23.27135 23.75117 24.23099 24.71081 25.19064 25.67046 25.78537
9.238086412569026e-06 2.2535850731112303e-05 0.0003089082252482399 0.0016856352851156399 0.004788713478225631 0.009443187218198494 0.015338291487671542 0.02192893569120294 0.0291968380809054 0.03705696167141869 0.046043660158631795 0.05607001034510089 0.06727275488916223 0.07974570737348165 0.0935689253070022 0.1088891596943369 0.1257809081950629 0.1443607022882835 0.16478861377262272 0.18711691943273492 0.21303068581911688 0.24264790151742416 0.27567056662807754 0.3116592770870302 0.3500456378552738 0.39020599498005754 0.4314425426031506 0.4732111810850504 0.5150064611549723 0.5561877189934215 0.5952802207633096 0.6309869872785698 0.663123256193533 0.6909930646427896 0.7164152458802652 0.7396396998538617 0.7607603914136623 0.7798868103861308 0.7972281750451304 0.8129509906851644 0.827099445914686 0.8397966230181032 0.8513035601645911 0.8617768561763511 0.8713772805343823 0.8802084143745951 0.8883341048955381 0.895882966447174 0.9029619296582297 0.9096501536944138 0.9159816798988456 0.9219703229999608 0.9276140084731765 0.932929366473148 0.9379802318500629 0.9425398423967178 0.9455927634012725 0.9459957268357329 0.9466388053771456 0.9508419681463508 0.954759065706509 0.9550694608904715 0.955139150407135 0.9552030161282246 0.9552440265773648 0.9552776283188463 0.9553400974403506 0.9553844055191925 0.9553934390550115 0.9555026599959229 0.9574698350320171 0.9685124213389301 0.9877543190927596 0.998161708816839 0.9999089502891483 0.9999999999999999 1.0
0.12683 0.0003663311 0.0005334908 0.001688513 0.00473605 0.01203472 0.02631722 0.01163763 0.02061327 0.03318464 0.0462541 0.06168671 0.07781486 0.0941705 0.1104416 0.1256931 0.1402069 0.1535057 0.1650324 0.1733838 0.193431 0.2095293 0.223239 0.2348846 0.2449126 0.2537096 0.2619121 0.2693034 0.2763147 0.2845104 0.3011684 0.3228403 0.3480075 0.347631 0.3806189 0.4146556 0.4521366 0.4928326 0.5337944 0.5753126 0.6165548 0.6629599 0.7071396 0.7463804 0.7844199 0.820689 0.8554602 0.8867724 0.9102308 0.9256855 0.936049 0.9439738 0.9505032 0.9559274 0.9607939 0.9646689 0.9530241 0.9530241 0.9530241 0.9530241 0.9530241 0.9530241 0.9530241 0.9530241 0.9530241 0.9530241 0.9530241 0.9530241 0.9530241 0.9530241 0.9530241 0.9530241 0.9530241 0.9530241 0.9530241 0.9530241 0.0
0.0 0.1439465 0.23991079999999998 0.3358752 0.43183940000000004 0.5278038 0.6237680999999999 0.7197324 0.8156968 0.9116611 1.007625 1.10359 1.199554 1.295518 1.391483 1.487447 1.583412 1.679376 1.77534 1.871304 2.015251 2.20718 2.399108 2.591036 2.782966 2.974894 3.166824 3.358752 3.550681 3.742609 4.078484 4.558306 5.038127 5.517948 5.99777 6.477592 6.957414 7.437236 7.917056 8.396878 8.8767 9.356522 9.836343 10.31616 10.79599 11.27581 11.75563 12.23545 12.71527 13.1951 13.67492 14.15474 14.63456 15.11438 15.5942 16.07402 16.55385 17.03367 17.51349 17.99331 18.47313 18.95295 19.43278 19.9126 20.39242 20.87224 21.35206 21.83188 22.3117 22.79153 23.27135 23.75117 24.23099 24.71081 25.19064 25.67046 26.15028 26.6301 27.10992 27.58974 27.62718
1.1002567257418837e-05 2.2416364042848913e-05 0.00019032249405750924 0.002419868428542758 0.006804174243034595 0.013348431972065337 0.021391545615423457 0.030640653350359894 0.04067292710074107 0.05138896287852525 0.06317099080673749 0.07594653361567452 0.08973484028250536 0.10462800121573883 0.12071357301150938 0.1380976936134536 0.15682788308045367 0.17694408994403305 0.19850366359257895 0.22147548337957268 0.24732462315819614 0.2759881557976631 0.3074316619539643 0.3403733897764093 0.37526926963388896 0.4116292006572881 0.4488941643877848 0.48651591548163686 0.5240621637295224 0.5609276724915878 0.5960202603263806 0.6282024683623104 0.6574169016907857 0.6839830605582651 0.7081302727206503 0.7301657965240533 0.7501509932042237 0.767980228574455 0.7842180472464029 0.799063078150013 0.8126255378392507 0.8250222463324229 0.836408002671843 0.8468644367230113 0.856443150189819 0.8652517164196867 0.873426629263333 0.8810484807255945 0.8881969311644542 0.8949235337289186 0.9012855376629249 0.9073283599919044 0.9130908203463075 0.9185967925560868 0.923850664768962 0.9288477939240678 0.9335760139880648 0.9380739746493065 0.9423395698396617 0.9461910464863563 0.9481620601155648 0.9485258921857782 0.9494125307851484 0.9541585097982852 0.9571491893622712 0.9573620636885004 0.9574221779741127 0.9574654731510756 0.957490543069923 0.9575139719853961 0.9575547966291234 0.9575764921655536 0.9575837435341403 0.9577733980040225 0.9605141777143248 0.9729819523508589 0.990808043792295 0.9988184617900566 0.9999497836276676 1.0 1.0
0.003349671 0.008388817 0.0001803007 0.0001946487 0.0006409796 0.001680526 0.003883984 0.007723489 0.01394855 0.0227524 0.03300287 0.04530077 0.05909071 0.07370801 0.08867474 0.1034002 0.1178616 0.1320505 0.1455015 0.1582592 0.1812686 0.2022013 0.2187863 0.2072396 0.219278 0.2298605 0.2399817 0.2496789 0.2590541 0.2682874 0.2892423 0.3151949 0.3433252 0.3722807 0.4035376 0.4346848 0.4700438 0.4961637 0.5368577 0.5760204 0.616058 0.6565213 0.6944353 0.7330943 0.770255 0.8068246 0.8387135 0.8655159 0.8902776 0.9108177 0.9300537 0.9456186 0.9572603 0.9646953 0.9696899 0.9735591 0.9767717 0.9794592 0.9817795 0.9836799 0.9999982 0.9999982 0.9999982 0.9999982 0.9999982 0.9999982 0.9999982 0.9999982 0.9999982 0.9999982 0.9999982 0.9999982 0.9999982 0.9999982 0.9999982 0.9999982 0.9999982 0.9999982 0.9999982 0.9999982 0.0
0.0 0.1439465 0.23991079999999998 0.3358752 0.43183940000000004 0.5278038 0.6237680999999999 0.7197324 0.8156968 0.9116611 1.007625 1.10359 1.199554 1.295518 1.391483 1.487447 1.583412 1.679376 1.77534 1.871304 2.015251 2.20718 2.399108 2.591036 2.782966 2.974894 3.166824 3.358752 3.550681 3.742609 4.078484 4.558306 5.038127 5.517948 5.99777 6.477592 6.957414 7.437236 7.917056 8.396878 8.8767 9.356522 9.836343 10.31616 10.79599 11.27581 11.75563 12.23545 12.71527 13.1951 13.67492 14.15474 14.63456 15.11438 15.5942 16.07402 16.55385 17.03367 17.51349 17.99331 18.47313 18.95295 19.67269 20.63233 21.59197 22.3117 22.79153 23.27135 23.75117 24.23099 24.71081 25.19064 25.67046 26.15028 26.6301 27.10992 27.58974 28.06956 28.54939 29.02921 29.50903 29.98885 30.46867 30.94849 31.42832 31.90814 32.2317
3.5133373221007766e-06 1.0434667135674744e-05 0.000498380805662893 0.0030586415955587113 0.008193541281197722 0.016012487106827556 0.025733281139348536 0.036930262851794855 0.049426247147061536 0.06296772049280698 0.07769259207454322 0.09354093685642514 0.11054576564490681 0.12876692069011175 0.1482836131443651 0.16910814260057763 0.19122957838687643 0.214642143242553 0.23919209521285556 0.26495966253183073 0.2928519017404199 0.3222459744628066 0.3531384125685858 0.3856696235980796 0.4193864444249818 0.45386382950197207 0.4885806427121148 0.5232012766536549 0.5572943585848419 0.5903824218568392 0.6209982078211134 0.6485203002422782 0.6732468223300402 0.695469091125144 0.7155728082607601 0.7338427950551272 0.7504046463176819 0.7654673516457555 0.7792327514982998 0.7918381046015862 0.8034167255335828 0.8140848720569926 0.8239519277629999 0.8331199349232703 0.8416634923427876 0.8496512648642823 0.8571542146342572 0.8642120048832167 0.8709116995804981 0.8772969386278714 0.8834064864394358 0.8892693771503798 0.8949063249308795 0.9003249431106815 0.9055156788088493 0.9104985366036605 0.9152858633941525 0.9198934505567042 0.9243364330951884 0.9286277551484903 0.9327853132156217 0.9368227669406328 0.940635129245478 0.9441826068078049 0.9474676063268032 0.9502553936197305 0.9525894379906378 0.9540001155551486 0.9545129355506948 0.956690200026534 0.9613264576584262 0.9626752892626895 0.9627957750104555 0.9628610752049332 0.9628948009252252 0.9629155146814727 0.9629380875093623 0.9629618089595715 0.9629692100326412 0.9629936415182441 0.9636073628208156 0.9688466907808796 0.9832575561209101 0.9960233745621885 0.999665369765422 1.0 1.0
0.01166372 0.0001709384 4.539001e-05 0.0001039827 0.0003394154 0.0008420684 0.001975581 0.003972321 0.006979091 0.01142282 0.01672016 0.02323889 0.03050023 0.03819894 0.04632164 0.05443766 0.06265644 0.0710075 0.07953497 0.08741831 0.1033308 0.1211341 0.1372873 0.1505827 0.1632874 0.1751056 0.1869591 0.1983205 0.210151 0.222954 0.2517895 0.285604 0.3202981 0.3573497 0.3951768 0.4334807 0.470696 0.5111102 0.5518927 0.5916398 0.6308836 0.6691982 0.7060847 0.7407244 0.7733965 0.8033611 0.8308134 0.8549709 0.8771577 0.8969952 0.9142965 0.9290895 0.9415335 0.9524107 0.9617845 0.9696087 0.9755196 0.9803276 0.9843776 0.9877567 0.9904584 0.9926091 0.9948699 0.9961661 0.9970534 0.9970713 0.9970976 0.9970976 0.9970976 0.9970976 0.9970976 0.9970976 0.9970976 0.9970976 0.9970976 0.9970976 0.9970976 0.9970976 0.9970976 0.9970976 0.9970976 0.9970976 0.9970976 0.9970976 0.9970976 0.9970976 0.0
0.0 0.1439465 0.23991079999999998 0.3358752 0.43183940000000004 0.5278038 0.6237680999999999 0.7197324 0.8156968 0.9116611 1.007625 1.10359 1.199554 1.295518 1.391483 1.487447 1.583412 1.679376 1.77534 1.871304 2.015251 2.20718 2.399108 2.591036 2.782966 2.974894 3.166824 3.358752 3.550681 3.742609 4.078484 4.558306 5.038127 5.517948 5.99777 6.477592 6.957414 7.437236 7.917056 8.396878 8.8767 9.356522 9.836343 10.31616 10.79599 11.27581 11.75563 12.23545 12.71527 13.1951 13.67492 14.15474 14.63456 15.11438 15.5942 16.07402 16.55385 17.03367 17.51349 17.99331 18.47313 18.95295 19.67269 20.63233 21.59197 22.55162 23.51126 24.4709 25.43055 26.39019 27.10992 27.58974 28.06956 28.54939 29.02921 29.50903 29.98885 30.46867 30.94849 31.42832 31.90814 32.38796 32.86778 33.3476 33.82742 34.30725 34.78707 35.26689 35.74671 36.22653 36.70635 36.83624
1.7307076699734384e-07 4.02206067010478e-05 0.000707740956990949 0.0032453880659477513 0.008175410289501247 0.01584382346412775 0.02519096378618933 0.03571605540826733 0.047411544216086655 0.06009832350913338 0.07390265184592695 0.08877393750821741 0.10476327807012135 0.12198279265223747 0.14051151126990002 0.16039550666228378 0.18169400075530276 0.20437351202217194 0.22832896960070104 0.25375224921979517 0.28153771631484104 0.3110334882265726 0.34227122233486207 0.37527178749355294 0.4095601697149075 0.4445716192462398 0.4798927138838165 0.5151146607715325 0.5497929505633045 0.5834921180027866 0.6145024009186772 0.6422940701132274 0.6670605863303908 0.6891051166555259 0.7088700795638002 0.7266337111108297 0.7426299006545887 0.7570746578475103 0.7701814875890398 0.7821139652716889 0.7930250157226315 0.8030438559907587 0.8123154613016553 0.8209358737567406 0.8290016106553688 0.8365902426953438 0.8437553231510803 0.8505650567223665 0.8570678522827431 0.863312618430031 0.869328737725599 0.8751441763343893 0.8807850456164998 0.8862649117065358 0.8915753590023522 0.8967264218448673 0.9017237903461325 0.906580684206129 0.9113046698023046 0.9159034085516942 0.9203811956304743 0.9247340853628851 0.928812270833367 0.9325902047877584 0.936101644674226 0.9394046566146734 0.9425599525104768 0.945583959494391 0.9484283263297865 0.9510952533363933 0.9531910043813322 0.9547690462836512 0.9557868092794073 0.9566918185353865 0.9603512779800183 0.9637975207097592 0.9643731077345845 0.9644589116198421 0.9645156085585335 0.9645416462169645 0.9645623430798135 0.9645861975562978 0.9646021352045218 0.9646076554103178 0.9647156216075411 0.9664093288333735 0.9751842204727503 0.99009074436129 0.9983931574238485 0.9999092322890838 1.0 1.0
0.02204094 4.820035e-05 5.610179e-05 0.0001342743 0.0003727594 0.0008703077 0.00201913 0.004108394 0.007290537 0.01174074 0.017189 0.02367033 0.03075647 0.03813984 0.04549453 0.05284522 0.05972147 0.06667785 0.07316742 0.07869311 0.0900071 0.102788 0.1144647 0.1241133 0.1333949 0.1428008 0.1520363 0.1612607 0.1710765 0.1816012 0.207535 0.238778 0.2729225 0.3107159 0.3500533 0.3921997 0.4362915 0.4819619 0.5279556 0.5734399 0.6184119 0.6617878 0.70241 0.7406811 0.7755261 0.8061802 0.833773 0.8586431 0.8802215 0.8989608 0.9155855 0.9294269 0.9411678 0.95128 0.9597549 0.9668105 0.9725713 0.9775408 0.9816343 0.9850503 0.9878126 0.9903871 0.9935806 0.995951 0.9973724 0.9983537 0.9989449 0.9992524 0.9994403 0.9995706 0.9995208 0.9994227 0.9994227 0.9994227 0.9994227 0.9994227 0.9994227 0.9994227 0.9994227 0.9994227 0.9994227 0.9994227 0.9994227 0.9994227 0.9994227 0.9994227 0.9994227 0.9994227 0.9994227 0.9994227 0.9994227 0.0
0.0 0.1439465 0.23991079999999998 0.3358752 0.43183940000000004 0.5278038 0.6237680999999999 0.7197324 0.8156968 0.9116611 1.007625 1.10359 1.199554 1.295518 1.391483 1.487447 1.583412 1.679376 1.77534 1.871304 2.015251 2.20718 2.399108 2.591036 2.782966 2.974894 3.166824 3.358752 3.550681 3.742609 4.078484 4.558306 5.038127 5.517948 5.99777 6.477592 6.957414 7.437236 7.917056 8.396878 8.8767 9.356522 9.836343 10.31616 10.79599 11.27581 11.75563 12.23545 12.71527 13.1951 13.67492 14.15474 14.63456 15.11438 15.5942 16.07402 16.55385 17.03367 17.51349 17.99331 18.47313 18.95295 19.67269 20.63233 21.59197 22.55162 23.51126 24.4709 25.43055 26.39019 27.34983 28.30947 29.26912 30.22876 31.18841 31.90814 32.38796 32.86778 33.3476 33.82742 34.30725 34.78707 35.26689 35.74671 36.22653 36.70635 37.18618 37.666 38.14582 38.62564 39.10546 39.58528 40.0651 40.54492 41.02475 41.44076
2.876153302166109e-06 2.2225220949293402e-05 0.00035273599284168296 0.0024169309066372617 0.008416038799363921 0.016808373116248887 0.026495914510390958 0.037477720176481225 0.04940653920583098 0.062201359480930994 0.07599042452258188 0.09078296125207337 0.10665102513648014 0.12367065970933348 0.1419366514737056 0.16151618473590848 0.18246050096448077 0.20470823296186624 0.22832484598603048 0.2535004127299315 0.28073860178837284 0.310023322617416 0.3411533837068267 0.37400845167234587 0.40810151728897825 0.44300677825238216 0.4781859555848644 0.5132575588316014 0.5477475769101232 0.581343249872625 0.6122214279530261 0.639795334268544 0.6643126594872478 0.686122514986969 0.7055957846628059 0.7230226199912565 0.738660108266635 0.7527210909301094 0.7654171994893679 0.7769179786231095 0.7873770301722598 0.7969509949535233 0.8057444677878692 0.8138958053543782 0.8214880279458674 0.8286144575744957 0.8353386958864015 0.8417341717017262 0.8478475318844694 0.8537301876081255 0.859414750508329 0.8649370817563463 0.8703183064764651 0.8755817591000811 0.8807252146066649 0.8857554643371248 0.890681207241778 0.8955101460399979 0.9002453417063541 0.9048921336615794 0.909449711093108 0.9139197867639179 0.9182151888951485 0.9223018979285701 0.9261907026996011 0.9299026309093142 0.9334266360221737 0.9367029598950168 0.93971587684956 0.9425137179143531 0.9451627041629511 0.947722265956537 0.9501966955734138 0.9525444856955889 0.9547217547070334 0.9563216145492442 0.9573656212085356 0.9581600500177978 0.9599431525570407 0.9641219171008231 0.9660732729897601 0.9663117779057047 0.9663783324180704 0.9664213915936015 0.9664413042388353 0.9664629655365025 0.9664841647338609 0.9664935443581839 0.9665083656033351 0.9668939110637922 0.9705977814307987 0.9824417919799286 0.9950306187230877 0.9994778376505256 1.0 1.0
0.03179055 0.0003149972 0.0002218557 0.0002258865 0.0004014387 0.00090899 0.002081122 0.004222889 0.007356362 0.01208736 0.01789319 0.02428469 0.03190004 0.03918361 0.04664749 0.054093 0.06047824 0.06729078 0.07267503 0.07729525 0.08749814 0.0971292 0.1062023 0.113935 0.1215437 0.1288784 0.1363972 0.1440916 0.1526299 0.1613957 0.1838807 0.212479 0.2439205 0.2783245 0.3156936 0.355731 0.3988236 0.4437318 0.4905472 0.5374926 0.5849113 0.630656 0.6759706 0.7174836 0.7571959 0.7918401 0.8236927 0.8511532 0.8756089 0.8962893 0.914169 0.9289733 0.9415031 0.9519067 0.9603771 0.9674137 0.9731313 0.977964 0.9818882 0.9851876 0.9878498 0.9903105 0.9933532 0.9955649 0.9970636 0.9980692 0.9987385 0.9991891 0.999481 0.9996651 0.999787 0.9998586 0.9998978 0.9999232 0.9999409 0.9999555 1.0 1.0 1.0 1.0 1.0 1.0 1.0 1.0 1.0 1.0 1.0 1.0 1.0 1.0 1.0 1.0 1.0 1.0 1.0 0.0
0.0 0.1439465 0.23991079999999998 0.3358752 0.43183940000000004 0.5278038 0.6237680999999999 0.7197324 0.8156968 0.9116611 1.007625 1.10359 1.199554 1.295518 1.391483 1.487447 1.583412 1.679376 1.77534 1.871304 2.015251 2.20718 2.399108 2.591036 2.782966 2.974894 3.166824 3.358752 3.550681 3.742609 4.078484 4.558306 5.038127 5.517948 5.99777 6.477592 6.957414 7.437236 7.917056 8.396878 8.8767 9.356522 9.836343 10.31616 10.79599 11.27581 11.75563 12.23545 12.71527 13.1951 13.67492 14.15474 14.63456 15.11438 15.5942 16.07402 16.55385 17.03367 17.51349 17.99331 18.47313 18.95295 19.67269 20.63233 21.59197 22.55162 23.51126 24.4709 25.43055 26.39019 27.34983 28.30947 29.26912 30.22876 31.18841 32.14805 33.10769 34.06734 35.02698 35.98662 36.70635 37.18618 37.666 38.14582 38.62564 39.10546 39.58528 40.0651 40.54492 41.02475 41.50457 41.98439 42.46422 42.94404 43.42386 43.90368 44.3835 44.86332 45.34314 45.82296 46.0453
3.6532330696369425e-06 0.0001098596704495997 0.0011201409395717567 0.0033130353351815914 0.00902183381091931 0.017314326525124768 0.027200453576833986 0.03807781851679284 0.050006293829215696 0.06275881926374018 0.07635609282522783 0.09102249868422903 0.10674462443115984 0.1235947082156816 0.14171568022880454 0.16114074178609064 0.18191364807288674 0.20408514857404816 0.22774554817901949 0.25291147635505334 0.2804083692799435 0.30983395709984846 0.3412571936846603 0.37435370679085384 0.4086648272222346 0.443828067804271 0.47919812838230236 0.5144159469078725 0.5491181719223002 0.5828497098049291 0.6137278199690945 0.6411970493990862 0.6655834316846284 0.6872000745658271 0.7063869906282665 0.7234866604689364 0.7387818522532323 0.7524911018289577 0.764799414019956 0.7759138905148343 0.785983565911542 0.7951599108089105 0.8035546867506662 0.811295730965722 0.8184901026518191 0.825206877318841 0.8315264686042956 0.837516783633938 0.8432264720022447 0.848702842062734 0.8539825234580956 0.8590962975082717 0.8640704416524688 0.868927366458586 0.8736768127290969 0.8783271704223594 0.8828910196743315 0.8873772786170184 0.8917979479958926 0.8961558799486484 0.900457316527479 0.9047070593109942 0.908872166268877 0.9129236998873712 0.9168672492039788 0.9206994467115678 0.9244144921031775 0.9279860311143437 0.9313904463804102 0.9346369057154695 0.9377388144867903 0.9406696590174987 0.9433640712566083 0.9458276869769865 0.9481188434381134 0.9503076526506419 0.9524479047791082 0.9545371273306337 0.9565484913246822 0.9583532456318788 0.9596043299095558 0.9602786930592272 0.9611476017694401 0.9640147767275693 0.9674945255609743 0.9684164401778841 0.9685500585074434 0.9686036223575747 0.9686408685229577 0.968668648184048 0.9686961325160434 0.9687117777557125 0.9687182035163031 0.9687815248143804 0.9698708775197364 0.9763381493579727 0.9892466460710123 0.9979024902438989 0.999852429563421 1.0 1.0
0.02461837 0.0001353263 0.000134474 0.0003486658 0.0004881038 0.001051081 0.002355801 0.004439299 0.007663146 0.01271253 0.01851769 0.02507953 0.032974 0.04046504 0.04771755 0.05525317 0.06175452 0.06733789 0.07190271 0.07641437 0.08456255 0.09313104 0.1005681 0.1070381 0.1131809 0.1190905 0.1255569 0.1321985 0.1392952 0.1467306 0.1668278 0.1930956 0.2217036 0.2536603 0.2889681 0.3272218 0.3681232 0.4116007 0.4579452 0.5045706 0.5518815 0.5993557 0.6459402 0.6896595 0.731104 0.7694149 0.8034925 0.8342952 0.8612987 0.8845251 0.9046683 0.921544 0.9357951 0.9475468 0.9572833 0.9653782 0.9718186 0.9771088 0.9815087 0.9850671 0.987873 0.990521 0.9935787 0.9957302 0.9971964 0.9981355 0.9987736 0.9991906 0.9994654 0.999652 0.9997715 0.9998541 0.9999074 0.9999407 0.9999627 0.999976 0.999984 0.9999883 0.9999912 0.9999931 0.999994 1.0 1.0 1.0 1.0 1.0 1.0 1.0 1.0 1.0 1.0 1.0 1.0 1.0 1.0 1.0 1.0 1.0 1.0 1.0 0.0
0.0 0.1439465 0.23991079999999998 0.3358752 0.43183940000000004 0.5278038 0.6237680999999999 0.7197324 0.8156968 0.9116611 1.007625 1.10359 1.199554 1.295518 1.391483 1.487447 1.583412 1.679376 1.77534 1.871304 2.015251 2.20718 2.399108 2.591036 2.782966 2.974894 3.166824 3.358752 3.550681 3.742609 4.078484 4.558306 5.038127 5.517948 5.99777 6.477592 6.957414 7.437236 7.917056 8.396878 8.8767 9.356522 9.836343 10.31616 10.79599 11.27581 11.75563 12.23545 12.71527 13.1951 13.67492 14.15474 14.63456 15.11438 15.5942 16.07402 16.55385 17.03367 17.51349 17.99331 18.47313 18.95295 19.67269 20.63233 21.59197 22.55162 23.51126 24.4709 25.43055 26.39019 27.34983 28.30947 29.26912 30.22876 31.18841 32.14805 33.10769 34.06734 35.02698 35.98662 36.94627 37.90591 39.34537 40.54492 41.02475 41.50457 41.98439 42.46422 42.94404 43.42386 43.90368 44.3835 44.86332 45.34314 45.82296 46.30279 46.78261 47.26243 47.74225 48.22207 48.70189 49.18172 49.66154 50.14136 50.62118 50.64983
1.5209137939967224e-06 0.0003478027434306047 0.0012559517202807443 0.0046780830424055135 0.010262623936872758 0.017857009706786803 0.02723693826768379 0.037793581258991765 0.04935607630191569 0.061741443304173735 0.07501144594371915 0.08927451517056947 0.10456933797978164 0.1209882963885731 0.1386961317265167 0.15777042420089268 0.17821573677566666 0.1999680897566696 0.22329240346355128 0.2482741663682554 0.275718519027102 0.3051931451540132 0.3366657373929342 0.3698723966901818 0.40431220190906486 0.4395571051315193 0.4750600416749265 0.5104900493538046 0.5453408486584269 0.5793177781711585 0.6103580213911182 0.6379580287310667 0.6624467820370314 0.6840584327181338 0.7032302855519034 0.7202433425236735 0.7353947756632465 0.7489217936310666 0.7610245874695813 0.7719151778853501 0.781746355432165 0.7906685178900311 0.7988211597154464 0.8063119229959351 0.8132555430348847 0.8197335345321769 0.8258218410509148 0.8315762950705545 0.8370556913965118 0.8422971851248939 0.8473408314852898 0.8522165188736609 0.856944584230551 0.8615491942438783 0.8660356745537949 0.8704205454466241 0.8747144843889766 0.8789236778958416 0.8830601749416508 0.8871280474971165 0.8911328797921708 0.8950741939267142 0.8989294500371401 0.9026840067046409 0.9063588718938732 0.9099703662205703 0.9135311343976441 0.9170371666468609 0.9204726791717771 0.9238341859202958 0.927116299059786 0.9303071764876406 0.933368090292698 0.9362862055839928 0.9390723628378964 0.941733436287281 0.9442279847922687 0.9465042167478765 0.9485947311601522 0.9505863925914633 0.952581863148432 0.9546523924986616 0.9567562864770845 0.9585345740244307 0.9600106509692108 0.961212530440488 0.9621596325307383 0.9638865445080517 0.9676199328197667 0.9699998573131708 0.9704187089276041 0.9705490597804136 0.9706382932215633 0.9706894779588848 0.9707128057357308 0.9707391354780592 0.9707546013727377 0.9707669959082206 0.9709959549000258 0.9734911086360301 0.9827298537236385 0.9943239294526027 0.9992546571846479 0.9999652880863203 1.0 1.0
0.001738267 8.512302e-05 0.000252097 0.0003448025 0.0007182751 0.001432018 0.002805443 0.005070562 0.008526899 0.01335041 0.01971241 0.02680162 0.03448106 0.04246545 0.05001951 0.05713871 0.06355165 0.06926855 0.07348986 0.07741266 0.08475063 0.09216834 0.09862752 0.1040067 0.1091388 0.1143117 0.1197946 0.125443 0.1318651 0.1379851 0.1559642 0.1800116 0.206143 0.2360947 0.2685297 0.3041879 0.3433825 0.3854655 0.4301858 0.4765578 0.5233887 0.5717937 0.6180905 0.6645364 0.7076105 0.7475069 0.7847199 0.8173019 0.846738 0.8720796 0.8940842 0.9128342 0.9285424 0.9418212 0.9527397 0.9616883 0.9690953 0.9751358 0.9800761 0.9840458 0.9872689 0.9902657 0.9935699 0.9959213 0.9974444 0.9983948 0.9989921 0.9993655 0.9995998 0.9997469 0.9998388 0.999899 0.9999355 0.9999591 0.9999747 0.9999847 0.9999908 0.9999949 0.9999973 0.9999986 0.9999993 0.9999996 0.9999998 0.9999998 0.9999999 0.9999999 1.0 1.0 1.0 1.0 1.0 1.0 1.0 1.0 1.0 1.0 1.0 1.0 1.0 1.0 1.0 1.0 1.0 1.0 1.0 0.0
0.0 0.1439465 0.23991079999999998 0.3358752 0.43183940000000004 0.5278038 0.6237680999999999 0.7197324 0.8156968 0.9116611 1.007625 1.10359 1.199554 1.295518 1.391483 1.487447 1.583412 1.679376 1.77534 1.871304 2.015251 2.20718 2.399108 2.591036 2.782966 2.974894 3.166824 3.358752 3.550681 3.742609 4.078484 4.558306 5.038127 5.517948 5.99777 6.477592 6.957414 7.437236 7.917056 8.396878 8.8767 9.356522 9.836343 10.31616 10.79599 11.27581 11.75563 12.23545 12.71527 13.1951 13.67492 14.15474 14.63456 15.11438 15.5942 16.07402 16.55385 17.03367 17.51349 17.99331 18.47313 18.95295 19.67269 20.63233 21.59197 22.55162 23.51126 24.4709 25.43055 26.39019 27.34983 28.30947 29.26912 30.22876 31.18841 32.14805 33.10769 34.06734 35.02698 35.98662 36.94627 37.90591 39.34537 41.26466 43.18394 44.3835 44.86332 45.34314 45.82296 46.30279 46.78261 47.26243 47.74225 48.22207 48.70189 49.18172 49.66154 50.14136 50.62118 51.101 51.58082 52.06065 52.54047 53.02029 53.50011 53.97993 54.45976 54.93958 55.25436
6.524471133277089e-07 7.318598877635574e-05 0.0010988734428813696 0.003630693914446712 0.008897867729069305 0.016352008289854395 0.02540934043967539 0.035636620303330646 0.046636019983809285 0.05852368797378628 0.07125256234982551 0.08496075940829469 0.0996622790265243 0.11556692877622085 0.13278705207234204 0.1513523606201563 0.1712421404860447 0.19252963774423754 0.21566143744752153 0.2405565429327836 0.26794004218629286 0.2974159095402911 0.3290446450617519 0.3624902082272471 0.39725190029525886 0.4328807020332304 0.4688949935866869 0.5048022213541097 0.5402601623966934 0.5747676699233472 0.6064925956695617 0.6347385134471282 0.6598186801243205 0.6820579951710047 0.7017338514276912 0.7191640765370294 0.7346555376453978 0.7484566147116261 0.7607459758620946 0.7717247886677884 0.7815951870155624 0.7905164725905508 0.798606826826775 0.805991910911203 0.8127929322843009 0.8191085721927023 0.8250155006118522 0.8305704660294638 0.8358409199681994 0.8408755460234574 0.8457125053129766 0.8503766946809422 0.8548981267614403 0.8592987994510455 0.8635939063113984 0.8677890011510128 0.8718990902869315 0.8759326933483491 0.8798865335548063 0.8837702473157768 0.8875870010711535 0.8913345512294178 0.8949758400784957 0.898502842849915 0.9019310874706693 0.9052720817931131 0.908544682685695 0.9117523227431288 0.9148988257675915 0.9179967304598211 0.921061381848963 0.9241022301029896 0.9271036209048037 0.9300570242598845 0.9329585886137307 0.9357970405041003 0.9385548852669932 0.9411939464038639 0.9437119087690083 0.9461250469272536 0.9484326332995915 0.9505735368716273 0.9523582674479648 0.9541611360072416 0.9561881901827699 0.9580556741777851 0.9597638324133607 0.9613197651377676 0.9627569272764013 0.9639663675508101 0.9651563480960392 0.967689473261212 0.9709985176367145 0.9722570337170806 0.9725136460852668 0.9726350461201761 0.9726850160190874 0.9727232513659348 0.9727585971274014 0.9727839396471656 0.9727908214545516 0.9728273408384074 0.973510296784005 0.9781500808248546 0.988927481972856 0.9974733688787134 0.9997863211462363 1.0 1.0
0.01197401 0.0008681638 0.0003491484 0.0006314863 0.001012436 0.001755146 0.003051525 0.005418869 0.009458029 0.01440286 0.02028899 0.02748797 0.03591191 0.04366384 0.05047585 0.05760368 0.064515 0.06962004 0.072635 0.0762628 0.08311369 0.08954614 0.09495921 0.09943015 0.1040158 0.1081937 0.1128671 0.1176782 0.1231163 0.128592 0.1440098 0.1651016 0.1886043 0.2145069 0.2437701 0.2758209 0.3111405 0.3493948 0.3912987 0.4350166 0.4800735 0.5261056 0.573522 0.6195939 0.6639656 0.7058674 0.7450056 0.7813742 0.8136622 0.8424488 0.8675519 0.8894555 0.9082226 0.9241657 0.9375111 0.9487317 0.9581207 0.9658502 0.9722102 0.9774809 0.9818004 0.9858834 0.9904658 0.9938424 0.9960712 0.9975008 0.9984254 0.9990105 0.9993814 0.9996124 0.9997596 0.9998509 0.999907 0.9999416 0.9999633 0.999977 0.9999855 0.9999909 0.9999943 0.9999965 0.9999979 0.9999989 0.9999996 1.0 1.0 1.0 1.0 1.0 1.0 1.0 1.0 1.0 1.0 1.0 1.0 1.0 1.0 1.0 1.0 1.0 1.0 1.0 1.0 1.0 1.0 1.0 1.0 1.0 0.0
0.0 0.1439465 0.23991079999999998 0.3358752 0.43183940000000004 0.5278038 0.6237680999999999 0.7197324 0.8156968 0.9116611 1.007625 1.10359 1.199554 1.295518 1.391483 1.487447 1.583412 1.679376 1.77534 1.871304 2.015251 2.20718 2.399108 2.591036 2.782966 2.974894 3.166824 3.358752 3.550681 3.742609 4.078484 4.558306 5.038127 5.517948 5.99777 6.477592 6.957414 7.437236 7.917056 8.396878 8.8767 9.356522 9.836343 10.31616 10.79599 11.27581 11.75563 12.23545 12.71527 13.1951 13.67492 14.15474 14.63456 15.11438 15.5942 16.07402 16.55385 17.03367 17.51349 17.99331 18.47313 18.95295 19.67269 20.63233 21.59197 22.55162 23.51126 24.4709 25.43055 26.39019 27.34983 28.30947 29.26912 30.22876 31.18841 32.14805 33.10769 34.06734 35.02698 35.98662 36.94627 37.90591 39.34537 41.26466 43.18394 45.10323 47.02252 48.94181 50.86109 52.78038 53.97993 54.45976 54.93958 55.4194 55.89922 56.37904 56.85886 57.33868 57.8185 58.29833 58.77815 59.25797 59.73779 60.21761 60.69743 61.17726 61.65708 62.1369 62.61672 63.09654 63.57637 64.05618 64.46341
0.00017192298262087637 0.0008896224581349583 0.0024833138256668465 0.004778149980736104 0.008323403648894107 0.014012629364703827 0.021447397086606805 0.030725222029054824 0.04115134955551157 0.052555084140226103 0.06453552677975277 0.0773318787901291 0.0911457135248615 0.1062319100323693 0.12262895672420535 0.14035193779852823 0.15944524540079172 0.17990973646798084 0.20233080080993643 0.22666923004755662 0.2538109565418856 0.28334038341536977 0.3151137313924764 0.34890085318809994 0.3841795791672662 0.42050773686977544 0.45730980882129874 0.4942537319401385 0.5308568821259574 0.5665784057078782 0.5996601032990945 0.6293749797650267 0.6560204378959577 0.6797300580124834 0.700798510540238 0.7195205853141071 0.7361287580996105 0.7508699145493565 0.7639627316361837 0.7756294615864175 0.7860444629802162 0.7953823016079107 0.8037896225670818 0.8114033285651614 0.8183414802320207 0.8247062005744245 0.8305881598470549 0.8360701367578508 0.8412103187329101 0.84606196229863 0.8506692629264023 0.8550701154935566 0.8592932519733489 0.8633635691948239 0.8673063959675554 0.8711356399573659 0.8748655775939442 0.878507910983988 0.8820724457343091 0.8855664275280789 0.8889968533962619 0.8923679690401741 0.8956572911024767 0.8988756011850153 0.9020421297966226 0.9051665185319913 0.9082527405583801 0.9113029266285301 0.9143034591708605 0.9172466215380618 0.920122449730461 0.9229282145442422 0.9256571412603724 0.9283112826643746 0.930899988149478 0.9334394984275675 0.9359439157313053 0.938411636464678 0.9408615567906123 0.943309786070816 0.9457706225096063 0.9482397146933585 0.9507096585460406 0.9531238129913678 0.9553546176910642 0.9574318736823949 0.9591874748643591 0.9605981501297581 0.9620923756975863 0.9637716494320535 0.9652576006411246 0.9665551244017246 0.9676899706166427 0.9686708586197014 0.9696443952272803 0.9716261301386677 0.9746036286362849 0.9759535885114802 0.9762308989390935 0.9763500349546406 0.9764207916093276 0.9764470064355514 0.9764736104656959 0.9764968660496918 0.9765079526016948 0.9765282894723678 0.9769507632692261 0.9802255296949123 0.9890021869825929 0.9971216368194212 0.999714263142435 0.9999999999999999 1.0
0.0002529448 0.0003122785 0.0004172217 0.001006944 0.002205095 0.003528985 0.005326826 0.00646894 0.009147405 0.0144067 0.02228369 0.0303115 0.03559135 0.04155266 0.04969755 0.05795458 0.06395436 0.06725831 0.06926687 0.07355963 0.07940723 0.08386271 0.08873786 0.09197368 0.09543021 0.09884108 0.1022692 0.1061361 0.110217 0.1148741 0.1270758 0.1440269 0.1624154 0.1834657 0.2069369 0.2329037 0.2621525 0.2943307 0.329546 0.3673766 0.4077522 0.4498732 0.4935972 0.5379232 0.5822355 0.6256132 0.667276 0.7066635 0.7435236 0.7774072 0.8081613 0.8355044 0.8597432 0.8810269 0.8994796 0.9154198 0.929046 0.9406748 0.9505409 0.958866 0.9658557 0.97258 0.9806398 0.9868319 0.9910999 0.9940237 0.9960085 0.9973458 0.998243 0.9988456 0.999246 0.9995102 0.9996837 0.9997967 0.9998702 0.9999176 0.9999481 0.9999673 0.9999793 0.9999871 0.999992 0.9999954 0.9999979 0.9999992 0.9999997 0.9999999 0.9999999 1.0 1.0 1.0 1.0 1.0 1.0 1.0 1.0 1.0 1.0 1.0 1.0 1.0 1.0 1.0 1.0 1.0 1.0 1.0 1.0 1.0 1.0 1.0 1.0 1.0 0.0
0.0 0.1439465 0.23991079999999998 0.3358752 0.43183940000000004 0.5278038 0.6237680999999999 0.7197324 0.8156968 0.9116611 1.007625 1.10359 1.199554 1.295518 1.391483 1.487447 1.583412 1.679376 1.77534 1.871304 2.015251 2.20718 2.399108 2.591036 2.782966 2.974894 3.166824 3.358752 3.550681 3.742609 4.078484 4.558306 5.038127 5.517948 5.99777 6.477592 6.957414 7.437236 7.917056 8.396878 8.8767 9.356522 9.836343 10.31616 10.79599 11.27581 11.75563 12.23545 12.71527 13.1951 13.67492 14.15474 14.63456 15.11438 15.5942 16.07402 16.55385 17.03367 17.51349 17.99331 18.47313 18.95295 19.67269 20.63233 21.59197 22.55162 23.51126 24.4709 25.43055 26.39019 27.34983 28.30947 29.26912 30.22876 31.18841 32.14805 33.10769 34.06734 35.02698 35.98662 36.94627 37.90591 39.34537 41.26466 43.18394 45.10323 47.02252 48.94181 50.86109 52.78038 54.69966 56.61895 58.53824 60.45752 62.37681 63.57637 64.05618 64.53601 65.01583 65.49565 65.97547 66.45529 66.93512 67.41494 67.89476 68.37458 68.8544 69.33422 69.81405 70.29387 70.77369 71.25351 71.73333 72.21316 72.69298 73.1728 73.65262 73.67248
0.00011062915256714723 0.00031214321157980085 0.0007551909314759913 0.0016070165134468135 0.004503506410860818 0.010276897397408849 0.017669612152646723 0.026430733229549495 0.03627035995284011 0.046852986839739166 0.05828510883305326 0.07051778667415678 0.08378585163156632 0.09817166756021067 0.11370121842528391 0.13051435096128614 0.14890846835852176 0.16898283606205627 0.1910323564238517 0.21482712704746657 0.24145908967000487 0.27086342634747024 0.3024978992676719 0.3361691284666135 0.37165364019488834 0.40834031983931957 0.4457224655177005 0.48325142169149726 0.5205712466239937 0.5572906883427802 0.5913852909079216 0.622217012921352 0.6501012585131187 0.6751307589145686 0.6974361984000738 0.7173121881031576 0.7350245922572116 0.7507701289175862 0.7647484283240186 0.7771737180404863 0.7882660135974365 0.7981771162462786 0.8070620051596341 0.8150640435346506 0.8223275665100147 0.8289468232931853 0.8350280722119874 0.8406472120720105 0.8458820964826138 0.8507841946626091 0.85540250411431 0.8597827206509807 0.8639627427121891 0.8679658204500359 0.8718159065811053 0.8755316427257054 0.8791331513499049 0.8826342358436757 0.8860428195326895 0.8893709515798475 0.8926225386805052 0.8957980256708279 0.8988673424269031 0.901832422639164 0.9047129996330405 0.9075130980473561 0.9102434052347881 0.9129096105115598 0.9155207926124984 0.9180838472262093 0.9206042736488844 0.9230965964001547 0.9255673613424762 0.9280273217166984 0.9304845162437991 0.9329425090734448 0.93539672115971 0.93783618011987 0.9402487570699756 0.9426213926831656 0.9449390284179974 0.9471951417094899 0.9493294081141561 0.9513840346483645 0.9533912490006354 0.9554162917457243 0.9574794131217901 0.9595629361696028 0.9615851053167476 0.963443134651258 0.9651717876462093 0.9665478679377573 0.9676914842026724 0.9689662834535359 0.9703380289586236 0.9715083845365582 0.9724965989980925 0.9733147681010783 0.9740427661468165 0.9755162426250766 0.9780223097945849 0.9794477403267801 0.9797338802799443 0.9798339862542286 0.9799009963450224 0.9799401244544477 0.979958031003014 0.9799762475900108 0.9799865716476861 0.9800004667350639 0.9802578091888929 0.9825218993174447 0.9894650783699949 0.9968756593764477 0.999628189806961 0.9999839913948033 1.0 1.0
0.0006034047 0.001355369 0.002988388 0.006035475 0.005111551 0.005278113 0.005811912 0.006650198 0.00949364 0.01517825 0.02337272 0.03203506 0.03628269 0.04012906 0.04648117 0.05387243 0.06133683 0.06613107 0.06644149 0.06822483 0.07448588 0.0796352 0.0821108 0.08592298 0.08866721 0.09071814 0.09387425 0.09723623 0.1002125 0.1041028 0.1151273 0.1296078 0.1446395 0.1613312 0.1809779 0.2029758 0.227485 0.2547787 0.2853548 0.3180097 0.3527968 0.3904505 0.430273 0.4714852 0.5135961 0.5558473 0.5966185 0.6369621 0.6756428 0.7123138 0.7463598 0.7780243 0.8063648 0.8321625 0.8549625 0.8752614 0.893123 0.9088606 0.922349 0.9340611 0.9441891 0.9540966 0.9663042 0.9761205 0.9832015 0.9882198 0.9917716 0.9942707 0.9960279 0.9972604 0.9981133 0.9987075 0.9991193 0.999402 0.9995953 0.9997281 0.9998183 0.9998786 0.9999197 0.9999471 0.9999653 0.9999793 0.9999904 0.9999961 0.9999985 0.9999993 0.9999998 0.9999999 0.9999999 1.0 1.0 1.0 1.0 1.0 1.0 1.0 1.0 1.0 1.0 1.0 1.0 1.0 1.0 1.0 1.0 1.0 1.0 1.0 1.0 1.0 1.0 1.0 1.0 1.0 1.0 1.0 1.0 0.0
0.0 0.1439465 0.23991079999999998 0.3358752 0.43183940000000004 0.5278038 0.6237680999999999 0.7197324 0.8156968 0.9116611 1.007625 1.10359 1.199554 1.295518 1.391483 1.487447 1.583412 1.679376 1.77534 1.871304 2.015251 2.20718 2.399108 2.591036 2.782966 2.974894 3.166824 3.358752 3.550681 3.742609 4.078484 4.558306 5.038127 5.517948 5.99777 6.477592 6.957414 7.437236 7.917056 8.396878 8.8767 9.356522 9.836343 10.31616 10.79599 11.27581 11.75563 12.23545 12.71527 13.1951 13.67492 14.15474 14.63456 15.11438 15.5942 16.07402 16.55385 17.03367 17.51349 17.99331 18.47313 18.95295 19.67269 20.63233 21.59197 22.55162 23.51126 24.4709 25.43055 26.39019 27.34983 28.30947 29.26912 30.22876 31.18841 32.14805 33.10769 34.06734 35.02698 35.98662 36.94627 37.90591 39.34537 41.26466 43.18394 45.10323 47.02252 48.94181 50.86109 52.78038 54.69966 56.61895 58.53824 60.45752 62.37681 64.2961 66.21538 68.13467 70.05395 71.97324 73.89254 75.81182 77.7311 79.65039 80.84994 81.32977 81.80958 82.28941 82.76922 83.24906 83.72887 84.2087 84.68851 85.16834 85.64816 86.12798 86.6078 87.08762 87.56744 88.04726 88.52709 89.00691 89.48674 89.96655 90.44638 90.9262 91.40602 91.88584 92.09059
0.0003620794647508039 0.0011750026107389165 0.0027947958446480265 0.0052967301949931374 0.008804060385225599 0.013341206270286574 0.019014455801197736 0.026062003613018813 0.034217654581802606 0.043511691141041156 0.05386805481989932 0.06526895102196983 0.07792479865925411 0.09176160024928276 0.10659750880749054 0.12261966283940386 0.13991911536337637 0.1584767460455678 0.17874390752848282 0.20102256317962844 0.22664482006706713 0.2550090372099798 0.2858558348415104 0.31886315781477875 0.35401861734204854 0.3904603012315086 0.4277881453551973 0.46549228176322077 0.503191736184735 0.5404126603463671 0.5755344202376236 0.6077297061756133 0.637118139296536 0.6637493623719145 0.6877268057790678 0.7092235239680913 0.7285567910500075 0.7458143837954909 0.7611826559344609 0.7749162214362771 0.7871576961243398 0.7981008776680631 0.8079067822121162 0.8167048596357367 0.8246588004160016 0.8318679586685824 0.8384327094793578 0.8444579880138247 0.850006934422027 0.8551569405314138 0.8599598777238474 0.8644639830320212 0.868714643915065 0.872740691352557 0.876578548837593 0.8802454425757036 0.8837684355155977 0.8871633641242551 0.8904441985503563 0.893622276134708 0.8967087978347832 0.8997051198647373 0.9025734602315652 0.905331743438704 0.9079972120729229 0.910575167560118 0.9130822052376623 0.9155269976379301 0.9179114343177227 0.9202433203656976 0.9225283537861035 0.9247664774350858 0.9269590783844815 0.9291113841541345 0.9312259353598322 0.9333011788315995 0.9353411763546404 0.9373482955893421 0.9393209479365388 0.941259149015551 0.9431656718271761 0.9450391532999961 0.9468600216637169 0.9486281390111689 0.9503556259349295 0.9520586152881064 0.9537757431738558 0.9555457485542728 0.9573740593336523 0.9592071111481908 0.9609641490641011 0.9625912540447206 0.964106061445581 0.965544244270484 0.9669641658241651 0.968395311192861 0.9698533267449951 0.9713008400185217 0.9726643708733376 0.9739169874106411 0.9750353734138086 0.9758772753514796 0.9766734222045542 0.9775992741794184 0.9784800057474341 0.9793156630046446 0.9801076452135762 0.9808661521713645 0.9815103668478996 0.9820684234486894 0.9829067359903563 0.9844644355686839 0.9856879095019208 0.9860363513952267 0.9861263727765205 0.9861621129814956 0.9861881856652951 0.986208713414185 0.9862249101160265 0.9862311298436703 0.9862364230789471 0.9863290578392038 0.9873481064888973 0.9913389495021976 0.9968433808474544 0.9995158088412788 0.9999725269107971 1.0 1.0
0.0007806817 0.001324401 0.002299881 0.004225188 0.008249726 0.01228106 0.01252149 0.0121896 0.01283263 0.01477898 0.01881937 0.02513066 0.03453859 0.04223818 0.04549893 0.04768314 0.04971753 0.05306001 0.05643471 0.06145432 0.06711803 0.06855567 0.07055783 0.07414112 0.07628741 0.07764628 0.07967287 0.08220176 0.08419634 0.08711694 0.09544295 0.1063489 0.1185375 0.1314941 0.1464145 0.1633665 0.1809487 0.2019657 0.2252074 0.2497192 0.2777466 0.3072205 0.3393272 0.3742066 0.4086461 0.445609 0.4834184 0.5204384 0.5586241 0.5956463 0.6313415 0.6663084 0.6985666 0.7296575 0.7588927 0.7851095 0.8098617 0.8321144 0.8522066 0.8705138 0.8866904 0.9031469 0.9248509 0.94342 0.9577685 0.9685185 0.9766225 0.9826882 0.9872167 0.990593 0.9930837 0.9949266 0.9962885 0.9972898 0.9980242 0.9985618 0.9989597 0.9992468 0.9994556 0.9996082 0.9997192 0.9998118 0.9998972 0.9999487 0.9999747 0.9999877 0.9999942 0.9999973 0.9999988 0.9999995 0.9999998 0.9999999 0.9999999 1.0 1.0 1.0 1.0 1.0 1.0 1.0 1.0 1.0 1.0 1.0 1.0 1.0 1.0 1.0 1.0 1.0 1.0 1.0 1.0 1.0 1.0 1.0 1.0 1.0 1.0 1.0 1.0 1.0 1.0 1.0 1.0 1.0 1.0 1.0 0.0
0.0 0.1439465 0.23991079999999998 0.3358752 0.43183940000000004 0.5278038 0.6237680999999999 0.7197324 0.8156968 0.9116611 1.007625 1.10359 1.199554 1.295518 1.391483 1.487447 1.583412 1.679376 1.77534 1.871304 2.015251 2.20718 2.399108 2.591036 2.782966 2.974894 3.166824 3.358752 3.550681 3.742609 4.078484 4.558306 5.038127 5.517948 5.99777 6.477592 6.957414 7.437236 7.917056 8.396878 8.8767 9.356522 9.836343 10.31616 10.79599 11.27581 11.75563 12.23545 12.71527 13.1951 13.67492 14.15474 14.63456 15.11438 15.5942 16.07402 16.55385 17.03367 17.51349 17.99331 18.47313 18.95295 19.67269 20.63233 21.59197 22.55162 23.51126 24.4709 25.43055 26.39019 27.34983 28.30947 29.26912 30.22876 31.18841 32.14805 33.10769 34.06734 35.02698 35.98662 36.94627 37.90591 39.34537 41.26466 43.18394 45.10323 47.02252 48.94181 50.86109 52.78038 54.69966 56.61895 58.53824 60.45752 62.37681 64.2961 66.21538 68.13467 70.05395 71.97324 73.89254 75.81182 77.7311 79.65039 81.56968 83.48896 85.40825 87.32754 89.24682 91.1661 93.08539 95.00469 96.92397 98.84326 100.0428 100.5226 101.0024 101.4823 101.9621 102.4419 102.9217 103.4016 103.8814 104.3612 104.841 105.3208 105.8007 106.2805 106.7603 107.2401 107.72 108.1998 108.6796 109.1594 109.6392 110.1191 110.5087
0.001452188570515821 0.0034992242987852474 0.006465239831975985 0.010150991683183452 0.014686640890061374 0.020119308972992286 0.026296222037130192 0.0331901190508167 0.040817641239158216 0.0490983540540433 0.05816661823735571 0.0684666662950628 0.08003175323601677 0.09275151774827527 0.10655166038791804 0.12156804333127308 0.137875930390076 0.1555680184804318 0.1749776064479873 0.19603495795507045 0.22033238539182623 0.24761426072368742 0.277349295688282 0.3093386384261231 0.3433730524828342 0.3790330300183479 0.41567353833060755 0.4529599182665195 0.4905453110281064 0.527938900439686 0.5633890221301127 0.5964268874958765 0.6266218867064506 0.6544470578560432 0.6795151327830969 0.7023255599312999 0.72279559967825 0.7413301453793983 0.7578451951097555 0.7727009637695219 0.7859647493354706 0.7978888241557868 0.8085608437766141 0.8181744265979536 0.8268372133168538 0.8346903544518497 0.8418185144407795 0.8483377075158691 0.854308959342897 0.8598226460829007 0.8649290677498589 0.8696871095834237 0.8741362087389708 0.8783211769583594 0.882270588538362 0.886019226579597 0.8895851169198226 0.8929919990800933 0.8962588695382941 0.8993984167875466 0.9024276772085499 0.9053427854896536 0.9081084692899822 0.9107399370035995 0.9132605122189369 0.9156884003186555 0.9180388606593454 0.9203226028200098 0.9225443929729654 0.9247132452131497 0.9268342663777702 0.9289114742740382 0.9309481340318455 0.93294687296546 0.9349098232685998 0.9368387219793914 0.9387348792267934 0.9405983796870043 0.9424303304229146 0.9442340965293725 0.9460082000931 0.9477508260641035 0.9494434926860189 0.9510856229062349 0.952675920316473 0.9542203157787974 0.9557197595483238 0.9571763795065569 0.9585922862861465 0.959969564646459 0.9613103295323578 0.962616926004116 0.963892231484402 0.9651405189850807 0.9663698143200884 0.9676009976207055 0.968861499270987 0.9701724730317801 0.9715211300529875 0.9728560812906336 0.9741207595159983 0.9753006933315597 0.9764076492007234 0.977479603222423 0.9785380180688225 0.9796070488015793 0.9806730931302643 0.9817039576346606 0.982647868307706 0.9835224229019335 0.9842315782233225 0.9847943291816801 0.985392925221311 0.9860493108062671 0.9866192463048492 0.9871078832444803 0.9875244568190605 0.9878795938914918 0.9883738057395385 0.9893629111574329 0.9903132689821413 0.990629177061518 0.9907038034496487 0.9907428499968575 0.990765625738126 0.990774626896422 0.9907842645374763 0.9907913003455261 0.9907950178619284 0.9908282052474277 0.9912768138663718 0.9934509183829748 0.9971892651299462 0.9994690737675783 0.9999621730644623 1.0 1.0
0.003094045 0.005959507 0.005700376 0.005806409 0.006082985 0.006587952 0.007584488 0.009908426 0.01342535 0.01857169 0.02817443 0.03531596 0.03640005 0.03761597 0.03935599 0.04079776 0.04240282 0.04544602 0.04842197 0.05417892 0.0606816 0.06130879 0.06242618 0.06439843 0.06724265 0.06922021 0.07029206 0.07159562 0.07365473 0.07625455 0.08304186 0.09098081 0.100776 0.11044 0.1231482 0.1353626 0.1507704 0.1657043 0.1852014 0.2041936 0.2271151 0.2499886 0.2768183 0.303755 0.3337021 0.3638278 0.3965494 0.428764 0.463157 0.4964041 0.5312105 0.5639576 0.5979076 0.629339 0.6612067 0.6899822 0.7190751 0.7444139 0.7703332 0.7924228 0.8146816 0.8364515 0.8677108 0.8956411 0.9183038 0.9364085 0.9507292 0.9619455 0.9706509 0.9774299 0.9826854 0.9867435 0.9898627 0.9922594 0.9940981 0.9955057 0.9965828 0.9974028 0.9980292 0.9985087 0.9988739 0.999194 0.9995142 0.9997262 0.9998466 0.9999149 0.9999533 0.9999746 0.9999863 0.9999927 0.9999962 0.999998 0.999999 0.9999995 0.9999998 0.9999999 0.9999999 1.0 1.0 1.0 1.0 1.0 1.0 1.0 1.0 1.0 1.0 1.0 1.0 1.0 1.0 1.0 1.0 1.0 1.0 1.0 1.0 1.0 1.0 1.0 1.0 1.0 1.0 1.0 1.0 1.0 1.0 1.0 1.0 1.0 1.0 1.0 1.0 1.0 1.0 1.0 0.0
0.0 0.1439465 0.23991079999999998 0.3358752 0.43183940000000004 0.5278038 0.6237680999999999 0.7197324 0.8156968 0.9116611 1.007625 1.10359 1.199554 1.295518 1.391483 1.487447 1.583412 1.679376 1.77534 1.871304 2.015251 2.20718 2.399108 2.591036 2.782966 2.974894 3.166824 3.358752 3.550681 3.742609 4.078484 4.558306 5.038127 5.517948 5.99777 6.477592 6.957414 7.437236 7.917056 8.396878 8.8767 9.356522 9.836343 10.31616 10.79599 11.27581 11.75563 12.23545 12.71527 13.1951 13.67492 14.15474 14.63456 15.11438 15.5942 16.07402 16.55385 17.03367 17.51349 17.99331 18.47313 18.95295 19.67269 20.63233 21.59197 22.55162 23.51126 24.4709 25.43055 26.39019 27.34983 28.30947 29.26912 30.22876 31.18841 32.14805 33.10769 34.06734 35.02698 35.98662 36.94627 37.90591 39.34537 41.26466 43.18394 45.10323 47.02252 48.94181 50.86109 52.78038 54.69966 56.61895 58.53824 60.45752 62.37681 64.2961 66.21538 68.13467 70.05395 71.97324 73.89254 75.81182 77.7311 79.65039 81.56968 83.48896 85.40825 87.32754 89.24682 91.1661 93.08539 95.00469 96.92397 98.84326 100.7625 102.6818 104.6011 106.5204 108.4397 110.359 112.2783 114.1975 116.1168 118.0361 119.2357 119.7155 120.1953 120.6751 121.155 121.6348 122.1146 122.5944 123.0742 123.5541 124.0339 124.5137 124.9935 125.4734 125.9532 126.433 126.9128 127.3926 127.8725 128.3523 128.8321 128.9268
0.0011394864267413511 0.003459682597406736 0.0071810632980962245 0.012464597379486256 0.01900304907052132 0.026227256272815126 0.03400778448569756 0.04182222368540048 0.05012248935073832 0.058776577966887913 0.06777526896367196 0.07735593526586619 0.08778816005786781 0.09918758880624165 0.11194461607102964 0.12630412267108274 0.14224072913634925 0.15960982984226907 0.1784477255562702 0.1987949907701004 0.22172595932179862 0.24701821433022442 0.27471728111595073 0.3051046638856386 0.33784434355400217 0.37217584413612137 0.4076523045391666 0.4438358532283603 0.48037079924104914 0.5168337371810662 0.5522314582960618 0.5854361295261306 0.6161381149638934 0.6445990995688397 0.6704751540818727 0.694193662883871 0.7156417327389358 0.7350796585508369 0.7526967029777529 0.7684833268120924 0.7827687422473775 0.795510789570724 0.8070538122698674 0.8174490751218062 0.8268388696468791 0.83536616446993 0.8430984031826702 0.850166107635946 0.8566170694589404 0.8625541886216446 0.8680505724958096 0.8731221927818293 0.8778625098162951 0.8822742001534877 0.8864255119445896 0.8903337364471865 0.8940245518539061 0.8975314847951875 0.900860066816544 0.9040490864470155 0.9070926775718047 0.9100082915637974 0.9127352319785308 0.9153012282369876 0.9177334254587913 0.9200550049141318 0.9222840488779753 0.9244379358349001 0.9265251029053406 0.9285531930059766 0.9305315179169452 0.9324633536291624 0.9343562223753873 0.9362119766338872 0.9380326879461521 0.9398194699499454 0.9415738453338106 0.9433027221568904 0.9450035310067351 0.9466767717457883 0.9483223256816133 0.9499381830087192 0.951510217733935 0.9530369147363555 0.9545178016360141 0.9559557895839874 0.957353406968158 0.9587102061029589 0.9600281485999721 0.9613098668025368 0.9625543227492758 0.9637643144749835 0.9649423142076986 0.9660875412857559 0.9672042069008826 0.9682910986377172 0.969353785083372 0.9703921029361721 0.9714061565498705 0.9724008764401576 0.9733756858733131 0.9743336859879723 0.9752756223956847 0.9762057385502154 0.9771332562166325 0.9780725503235863 0.9790442769397584 0.980052908937852 0.9810743270587893 0.9820666189319791 0.9829995124098726 0.9838719364724609 0.9846958858269098 0.9854947062399741 0.9862797937787773 0.9870601204763135 0.9878209190816156 0.9885326264153815 0.9891788426081924 0.9897613882745743 0.9902023286859488 0.9905972829473898 0.9910369201317397 0.9914144831631064 0.9917340733033091 0.9919974896588487 0.9922873752243969 0.9928441275903853 0.9935058936873125 0.9937924084673139 0.9938582767953081 0.9938785663513032 0.9938930402965306 0.9939034624882269 0.9939113721044222 0.9939151336828258 0.993917167975602 0.9939301829995981 0.9941305816371113 0.9952935161928768 0.9977038409476703 0.9994850830417186 0.9999544299785809 0.9999985230239764 1.0 1.0
0.00158178 0.002398445 0.003544154 0.004873061 0.008883892 0.01473905 0.01639147 0.0187915 0.02032183 0.0221894 0.02429339 0.0257822 0.02693033 0.0295422 0.03221422 0.03551144 0.04323062 0.04841568 0.0488939 0.04972657 0.05113646 0.05287149 0.0555161 0.0587765 0.0610425 0.06146935 0.06234169 0.06363619 0.06568541 0.06852519 0.07315852 0.08017775 0.0879112 0.09579242 0.1060664 0.1158549 0.1281055 0.1410413 0.1549079 0.1721032 0.1886225 0.2095525 0.229252 0.2516652 0.2762623 0.3009984 0.3288817 0.3561635 0.3859175 0.4158297 0.4445323 0.4773518 0.5062253 0.5382866 0.5680183 0.5980524 0.6277445 0.6546361 0.6832801 0.7074093 0.7341001 0.7591059 0.7984675 0.834996 0.8658402 0.8914472 0.9128327 0.9304489 0.9445941 0.9560388 0.965175 0.9724255 0.9782475 0.9828318 0.9865075 0.9894037 0.9916809 0.9934785 0.9948834 0.9959885 0.9968619 0.9976605 0.9984999 0.9990904 0.9994511 0.9996692 0.999802 0.9998825 0.9999305 0.9999591 0.9999762 0.9999862 0.9999921 0.9999955 0.9999975 0.9999986 0.9999992 0.9999996 0.9999998 0.9999999 1.0 1.0 1.0 1.0 1.0 1.0 1.0 1.0 1.0 1.0 1.0 1.0 1.0 1.0 1.0 1.0 1.0 1.0 1.0 1.0 1.0 1.0 1.0 1.0 1.0 1.0 1.0 1.0 1.0 1.0 1.0 1.0 1.0 1.0 1.0 1.0 1.0 1.0 1.0 1.0 1.0 1.0 1.0 1.0 1.0 0.0
0.0 0.1439465 0.23991079999999998 0.3358752 0.43183940000000004 0.5278038 0.6237680999999999 0.7197324 0.8156968 0.9116611 1.007625 1.10359 1.199554 1.295518 1.391483 1.487447 1.583412 1.679376 1.77534 1.871304 2.015251 2.20718 2.399108 2.591036 2.782966 2.974894 3.166824 3.358752 3.550681 3.742609 4.078484 4.558306 5.038127 5.517948 5.99777 6.477592 6.957414 7.437236 7.917056 8.396878 8.8767 9.356522 9.836343 10.31616 10.79599 11.27581 11.75563 12.23545 12.71527 13.1951 13.67492 14.15474 14.63456 15.11438 15.5942 16.07402 16.55385 17.03367 17.51349 17.99331 18.47313 18.95295 19.67269 20.63233 21.59197 22.55162 23.51126 24.4709 25.43055 26.39019 27.34983 28.30947 29.26912 30.22876 31.18841 32.14805 33.10769 34.06734 35.02698 35.98662 36.94627 37.90591 39.34537 41.26466 43.18394 45.10323 47.02252 48.94181 50.86109 52.78038 54.69966 56.61895 58.53824 60.45752 62.37681 64.2961 66.21538 68.13467 70.05395 71.97324 73.89254 75.81182 77.7311 79.65039 81.56968 83.48896 85.40825 87.32754 89.24682 91.1661 93.08539 95.00469 96.92397 98.84326 100.7625 102.6818 104.6011 106.5204 108.4397 110.359 112.2783 114.1975 116.1168 118.0361 119.9554 121.8747 123.794 125.7133 127.6326 129.5518 131.4711 133.3904 135.3097 136.5092 136.9891 137.4689 137.9487 138.4285 138.9084 139.3882 139.868 140.3478 140.8276 141.3075 141.7873 142.2671 142.7469 143.2268 143.7066 144.1864 144.6662 145.146 145.6259 146.1057 146.5855 147.0653 147.345
0.0007246178908421789 0.002195607876459797 0.004684400790295772 0.008130933329580672 0.01278519206471157 0.01862976966205729 0.02548965283385661 0.033116982055018264 0.041415282653500904 0.05052397941046355 0.060502901045964785 0.07136068538970358 0.08299017392493119 0.09514105596006105 0.1084336467820172 0.1229781962133928 0.13900284505641566 0.15637383659922735 0.17509725621715988 0.1950131663092766 0.21726874115596093 0.2419966557146015 0.2686911107660237 0.2974318117622295 0.3284920698447121 0.3612940539114553 0.3953391561821756 0.43037706191377156 0.4659847970055191 0.5018725647019262 0.5368270416393564 0.5701588625629872 0.6015867388985499 0.6305081009942431 0.6572699286864085 0.6818075719522944 0.7041645197524957 0.7245651004137493 0.7429928769402352 0.7597426780689114 0.7749871347967966 0.7886632663252647 0.8010325695784536 0.8122826256432455 0.8224222749250827 0.8316678602148969 0.8400827796173455 0.8477299207462127 0.8547755213080549 0.861221870408773 0.8671505736608417 0.8726589241423061 0.8777580635190535 0.8824996810177723 0.8869467088189101 0.8911005527981262 0.8950105972753004 0.8987018972235292 0.9021850173729828 0.9055028012779379 0.9086592964017478 0.9116503414334912 0.9144192261041039 0.9169935100331736 0.9194070557819686 0.921685618830506 0.9238586220900619 0.925938904811253 0.9279409434618553 0.9298782810406185 0.9317583399227813 0.9335864478503951 0.9353724779600424 0.9371182931382596 0.9388272589784475 0.940503565557283 0.9421498281276133 0.9437664866839534 0.9453549778934752 0.9469201502040219 0.9484589787545924 0.9499700390325595 0.9514405100191224 0.952868225774433 0.9542540739853985 0.9556024274520165 0.9569134859139697 0.9581878101009161 0.959427581753612 0.9606321218381656 0.9618035736059423 0.9629446920870524 0.9640527919374411 0.9651327175534363 0.9661843226753516 0.9672089037879444 0.9682080434129225 0.9691821742520738 0.9701330076652783 0.9710631119078114 0.9719709688770516 0.972860500844543 0.9737295139149845 0.9745820470435482 0.9754175342336069 0.9762372577896163 0.9770432645368881 0.9778344905476177 0.9786136847746434 0.9793813771561096 0.9801381527307635 0.9808855940203128 0.9816246669059018 0.9823594459960334 0.9830985363031362 0.9838531896943021 0.9846349768908434 0.985437720142889 0.9862351903483335 0.9869965575047875 0.987708443105005 0.9883723036685809 0.9889998290313643 0.9896043952696927 0.9901955023756289 0.9907726268934521 0.991322111571693 0.9918228613878874 0.9922817914676123 0.9926624000928143 0.9929599964195789 0.9932593203122834 0.9935805142822463 0.9938623992395036 0.9941063603969885 0.9943164464335092 0.9944956161703736 0.9946922009387476 0.9950621609674215 0.9955360046733761 0.9957642269110527 0.9958200462519976 0.9958412999722992 0.9958534369738444 0.9958580272996749 0.9958626509694728 0.9958665428911189 0.9958684712906506 0.9958738267450641 0.9959696932847237 0.9966163057392026 0.9981795333226124 0.9995324840431512 0.9999516622795955 0.999998153412708 1.0 1.0
0.004485586 0.00497304 0.00528516 0.006150592 0.006767814 0.008733996 0.01138276 0.0144136 0.02133721 0.02803714 0.02852877 0.02876392 0.02961752 0.03107103 0.03142684 0.03183256 0.03219838 0.03292739 0.0343135 0.03821047 0.0446917 0.05214584 0.05335841 0.05390719 0.05389227 0.05467343 0.05682695 0.05911051 0.06053554 0.06161081 0.0661823 0.07184875 0.07717016 0.08518063 0.0929049 0.1016494 0.1118484 0.1221676 0.1349719 0.1476831 0.1607434 0.1784001 0.195208 0.2124522 0.2342407 0.2538761 0.2764085 0.3016945 0.3233863 0.3510547 0.3781633 0.4022916 0.432352 0.460374 0.4860621 0.5171645 0.5432692 0.5713159 0.6007828 0.624528 0.6516304 0.6811517 0.7236055 0.7658544 0.8037065 0.8373285 0.8649247 0.8885922 0.9091675 0.9260553 0.9395215 0.9508476 0.9605345 0.9680852 0.9740883 0.9791663 0.9833627 0.9865692 0.9891395 0.9913462 0.9931031 0.9946437 0.996429 0.9977173 0.9985411 0.9990771 0.9994133 0.9996316 0.9997671 0.999855 0.9999089 0.999944 0.9999651 0.9999788 0.9999869 0.9999921 0.9999952 0.9999972 0.9999983 0.999999 0.9999994 0.9999996 0.9999998 0.9999999 0.9999999 1.0 1.0 1.0 1.0 1.0 1.0 1.0 1.0 1.0 1.0 1.0 1.0 1.0 1.0 1.0 1.0 1.0 1.0 1.0 1.0 1.0 1.0 1.0 1.0 1.0 1.0 1.0 1.0 1.0 1.0 1.0 1.0 1.0 1.0 1.0 1.0 1.0 1.0 1.0 1.0 1.0 1.0 1.0 1.0 1.0 1.0 1.0 1.0 1.0 1.0 1.0 0.0
0.0 0.1439465 0.23991079999999998 0.3358752 0.43183940000000004 0.5278038 0.6237680999999999 0.7197324 0.8156968 0.9116611 1.007625 1.10359 1.199554 1.295518 1.391483 1.487447 1.583412 1.679376 1.77534 1.871304 2.015251 2.20718 2.399108 2.591036 2.782966 2.974894 3.166824 3.358752 3.550681 3.742609 4.078484 4.558306 5.038127 5.517948 5.99777 6.477592 6.957414 7.437236 7.917056 8.396878 8.8767 9.356522 9.836343 10.31616 10.79599 11.27581 11.75563 12.23545 12.71527 13.1951 13.67492 14.15474 14.63456 15.11438 15.5942 16.07402 16.55385 17.03367 17.51349 17.99331 18.47313 18.95295 19.67269 20.63233 21.59197 22.55162 23.51126 24.4709 25.43055 26.39019 27.34983 28.30947 29.26912 30.22876 31.18841 32.14805 33.10769 34.06734 35.02698 35.98662 36.94627 37.90591 39.34537 41.26466 43.18394 45.10323 47.02252 48.94181 50.86109 52.78038 54.69966 56.61895 58.53824 60.45752 62.37681 64.2961 66.21538 68.13467 70.05395 71.97324 73.89254 75.81182 77.7311 79.65039 81.56968 83.48896 85.40825 87.32754 89.24682 91.1661 93.08539 95.00469 96.92397 98.84326 100.7625 102.6818 104.6011 106.5204 108.4397 110.359 112.2783 114.1975 116.1168 118.0361 119.9554 121.8747 123.794 125.7133 127.6326 129.5518 131.4711 133.3904 135.3097 137.229 139.1483 141.0676 142.9868 144.9061 146.8254 148.7447 150.664 152.5833 154.5026 156.4218 158.3411 160.2604 162.1797 164.099 166.0183 167.9376 169.8569 171.7761 172.9757 173.4555 173.9353 174.4152 174.895 175.3748 175.8546 176.3344 176.8143 177.2941 177.7739 178.2537 178.7336 179.2134 179.6932 180.173 180.6528 181.1327 181.6125 182.0923 182.5721 183.052 183.5318 184.0116 184.1812
0.0010539165756331148 0.0027545011400851816 0.005252891330335396 0.009067336310210842 0.01430709454485538 0.02042566783751433 0.0274142759115595 0.035224301214712865 0.043895240638243065 0.053493768510698037 0.06410690840519796 0.07570564562900839 0.08811307872830688 0.10136076912716195 0.11545842803297923 0.13050413946075948 0.1467303121245598 0.16394655632682584 0.18227700984127804 0.20201735596772613 0.2239510119150837 0.24762054618620669 0.2731313015955502 0.30033352541945474 0.32901501055183624 0.3589898086961624 0.39008593961858 0.42197582641286285 0.45439003228570296 0.487523261204161 0.5208015963944245 0.5531515598415847 0.5840262891786094 0.6128588270569256 0.6398444310808404 0.6650371034374815 0.6880720340905397 0.7093046253441501 0.7288734136414589 0.7467988589544877 0.7629720505843042 0.7777724802067914 0.7913626916165122 0.8036812679882519 0.8149576406979868 0.8253211804166708 0.8347647800824655 0.843366289294265 0.8512897077075395 0.8586190979613947 0.865352749931891 0.8715696122903828 0.8773421089907484 0.882702092629238 0.887685611142125 0.8923484178506428 0.8967124572948368 0.9007968434930671 0.9046320966212769 0.908242507411132 0.9116629956092281 0.9148683563672902 0.9177896310905014 0.9204485473751269 0.9228966135800748 0.9251678484585848 0.9272911145556741 0.9292912603412717 0.9311875019490516 0.9329984178046008 0.9347326106105268 0.9364064352211936 0.9380218174740157 0.9395866116360639 0.9411104473045127 0.9425948176595209 0.9440467497931029 0.9454660993494729 0.946856743429763 0.9482207571483936 0.9495606060365694 0.9508742075980401 0.9521485927777803 0.9533857247324562 0.9545882605107493 0.9557562554763843 0.956892776779707 0.9579990596469294 0.9590770877398012 0.960128018365218 0.9611509644732805 0.9621483649385852 0.9631193441940791 0.9640660130330273 0.9649892256971963 0.9658900406589808 0.96676992895305 0.9676297107827323 0.9684692668084433 0.9692904195219781 0.9700921485903966 0.9708763646773517 0.9716438207294987 0.9723955214959148 0.9731320300461845 0.9738528329330247 0.9745592486332851 0.9752518225821791 0.9759314742276376 0.9765990327952254 0.9772538146454685 0.9778961236636998 0.9785271069042739 0.9791471699577367 0.9797567622955118 0.9803563022212967 0.9809464688634472 0.9815276083477676 0.982099666130737 0.98266366623621 0.9832190435440938 0.9837667695852309 0.9843074291645939 0.984841460680862 0.9853685877255133 0.9858898216092516 0.986405439560802 0.9869158508616249 0.9874216427773036 0.987923387809761 0.9884210166518159 0.9889153663209648 0.9894084278607866 0.9899042674292811 0.9904095360552363 0.9909299271800548 0.9914615575510796 0.9919874817675501 0.9924863790540521 0.992946855556052 0.9933699430893367 0.993763924477216 0.9941378982352091 0.9944987893400161 0.9948478272764257 0.9951783355893469 0.9954792841844219 0.9957539403416087 0.9959848993462833 0.9961650590578269 0.9963399005709906 0.9965232352896177 0.9966851827963608 0.9968262532576899 0.9969483667695964 0.9970531477447718 0.997156374844742 0.9973300877581259 0.9975838742517289 0.9977363295453547 0.9977785068610999 0.9977917475674674 0.9977989247156804 0.9978016363693987 0.9978042001281537 0.9978064840868464 0.9978076972618921 0.9978092094297581 0.9978394348656354 0.9980897100687903 0.9988377264818562 0.9996425825754633 0.9999543176645075 0.9999977790085629 0.9999999606058803 1.0 1.0
0.01099047 0.01251611 0.01326119 0.01253881 0.0124047 0.01376846 0.01502118 0.01622651 0.0172995 0.01819227 0.01880793 0.01939668 0.02057021 0.02264399 0.02488377 0.02733932 0.03234373 0.03557319 0.03561858 0.03553494 0.03662213 0.03910307 0.04115771 0.04298738 0.0446908 0.04720663 0.05006909 0.05171977 0.05271784 0.05370393 0.05669554 0.06100097 0.06496347 0.07059045 0.07633029 0.08216798 0.08994835 0.09766037 0.1058404 0.1148556 0.126912 0.1377778 0.1486608 0.1628668 0.1766527 0.1901969 0.2065837 0.2256677 0.2425092 0.259311 0.2804548 0.3018331 0.3213438 0.342797 0.3672861 0.3893034 0.411001 0.4364843 0.4622138 0.485135 0.5071014 0.5388587 0.5801427 0.6290616 0.6715667 0.7139305 0.7504631 0.7856048 0.815936 0.8425781 0.8675243 0.8866938 0.9054193 0.919903 0.9330052 0.9440291 0.9530448 0.9612429 0.967269 0.9731708 0.9775298 0.9819059 0.9871955 0.9912012 0.9939731 0.9958759 0.9971852 0.9980854 0.9987037 0.9991207 0.9994038 0.9995973 0.999728 0.9998172 0.9998778 0.9999185 0.9999456 0.9999639 0.9999762 0.9999843 0.9999897 0.9999933 0.9999956 0.9999972 0.9999982 0.9999989 0.9999993 0.9999996 0.9999997 0.9999998 0.9999999 0.9999999 1.0 1.0 1.0 1.0 1.0 1.0 1.0 1.0 1.0 1.0 1.0 1.0 1.0 1.0 1.0 1.0 1.0 1.0 1.0 1.0 1.0 1.0 1.0 1.0 1.0 1.0 1.0 1.0 1.0 1.0 1.0 1.0 1.0 1.0 1.0 1.0 1.0 1.0 1.0 1.0 1.0 1.0 1.0 1.0 1.0 1.0 1.0 1.0 1.0 1.0 1.0 1.0 1.0 1.0 1.0 1.0 1.0 1.0 1.0 1.0 1.0 1.0 1.0 1.0 0.0
