1.0 1.307331 2.0 3.0 4.0 5.0 6.0 7.0 8.0 9.0 10.0 11.0 12.0 13.0 14.0 15.0 16.0 17.0 18.0 19.0 20.0 22.0 24.0 26.0 28.0 30.0 35.0 40.0 45.0 50.0 55.0 60.0 65.0 70.0 75.0 80.0 85.0 90.0 95.0 100.0 110.0 120.0 130.0 140.0 150.0
0.0 1.0000000000000001e-11
1.0 1.0
0.0 0.0
0.0 1.0000000000000001e-11
1.0 1.0
0.0 0.0
0.0 0.3631828 0.6053046 0.8474264 1.089548 1.33167 1.573792 1.815914 1.875935
0.0 0.0 0.9999059161816993 0.9999059161816993 0.9999059161816993 0.9999059161816993 0.9999059161816993 1.0 1.0
0.0 0.0 0.9997 0.0 0.0 0.0 0.0 0.9769 0.0
0.0 0.3631828 0.6053046 0.8474264 1.089548 1.33167 1.573792 1.815914 2.058036 2.300157 2.542279 2.784401 2.813903
0.0 0.0 0.02285645502277449 0.02285645502277449 0.02285645502277449 0.02285645502277449 0.9997632889454484 0.9997632889454484 0.9997632889454484 0.9997632889454484 0.9997632889454484 1.0 1.0
0.0 0.0 0.9999 0.0 0.0 0.0 0.9995 0.0 0.0 0.0 0.0 0.9982 0.0
0.0 0.3631828 0.6053046 0.8474264 1.089548 1.33167 1.573792 1.815914 2.058036 2.300157 2.542279
0.0 0.00012437482855157586 0.008162029754549783 0.008162029754549783 0.008162029754549783 0.008162029754549783 0.19254989762633282 0.19254989762633282 0.19254989762633282 1.0 1.0
0.0 0.9997 1.0 0.0 0.0 0.0 0.9998 0.0 0.0 0.9998 0.0
0.0 0.3631828 0.6053046 0.8474264 1.089548 1.33167 1.573792 1.815914 2.058036 2.300157 2.542279 2.784401 3.026523 3.268645 3.510767 3.752888 3.99501 4.237132 4.479254 4.689839
0.0 5.7469503034623994e-05 0.0006222932350099575 0.0006222932350099575 0.019315459826172842 0.07546876553251418 0.14068252852282725 0.14068252852282725 0.14068252852282725 0.4741626862051616 0.4741626862051616 0.4741626862051616 0.4741626862051616 0.9999932158248966 0.9999932158248966 0.9999932158248966 0.9999932158248966 0.9999932158248966 1.0 1.0
0.0 0.212 0.794 0.0 0.1821 0.1052 0.4335 0.0 0.0 0.2741 0.0 0.0 0.0 0.2689 0.0 0.0 0.0 0.0 0.1534 0.0
0.0 0.3631828 0.6053046 0.8474264 1.089548 1.33167 1.573792 1.815914 2.058036 2.300157 2.542279 2.784401 3.026523 3.268645 3.510767 3.752888 3.99501 4.237132 4.479254
0.0 5.071653805306482e-07 0.0005916125603045047 0.0024965381940105797 0.010567888052857861 0.06513551944118232 0.06513551944118232 0.06513551944118232 0.16469624305065064 0.36220612722012746 0.472109448936905 0.472109448936905 0.472109448936905 0.7116474011232461 0.7116474011232461 0.7116474011232461 0.7116474011232461 1.0 1.0
0.0 0.1395 0.1934 0.1549 0.09551 0.1919 0.0 0.0 0.1446 0.06024 0.2491 0.0 0.0 0.186 0.0 0.0 0.0 0.1798 0.0
0.0 0.3631828 0.6053046 0.8474264 1.089548 1.33167 1.573792 1.815914 2.058036 2.300157 2.542279 2.784401 3.026523 3.268645 3.510767 3.752888 3.99501 4.237132 4.479254 4.721376 4.963498 5.205619 5.447741
0.0 3.6079785522401576e-07 0.00024516607105152204 0.0019405256902033483 0.00789594324509176 0.022366596947952896 0.05073436614647814 0.08013095945426614 0.19116747696637337 0.3217318469882163 0.3217318469882163 0.3217318469882163 0.496988469967687 0.5971106193169997 0.6764184259885083 0.6764184259885083 0.6764184259885083 0.83049222106663 0.83049222106663 0.83049222106663 0.83049222106663 1.0 1.0
0.0 0.1532 0.156 0.1518 0.1483 0.1452 0.1547 0.1497 0.1101 0.1653 0.0 0.0 0.129 0.06318 0.2804 0.0 0.0 0.2022 0.0 0.0 0.0 0.2017 0.0
0.0 0.3631828 0.6053046 0.8474264 1.089548 1.33167 1.573792 1.815914 2.058036 2.300157 2.542279 2.784401 3.026523 3.268645 3.510767 3.752888 3.99501 4.237132 4.479254 4.721376 4.963498 5.205619 5.447741 5.689863 5.931985 6.174107 6.416229 6.65835 6.900472 7.142594 7.384716 7.503742
0.0 2.796699849337803e-07 0.00019139507950435272 0.0015162680761701382 0.006178893678781545 0.01751447930950331 0.038861341475824596 0.07252619098856636 0.12059735695086607 0.18000178175392045 0.23974793718752468 0.32820864200144384 0.4195321701131939 0.5358875758675067 0.5358875758675067 0.5358875758675067 0.6641312319259058 0.7859484199984443 0.7859484199984443 0.7859484199984443 0.7859484199984443 0.8906751057468756 0.8906751057468756 0.8906751057468756 0.8906751057468756 0.9999992960334485 0.9999992960334485 0.9999992960334485 0.9999992960334485 0.9999992960334485 1.0 1.0
0.0 0.169 0.1728 0.1695 0.1666 0.1641 0.1619 0.16 0.1589 0.1578 0.1574 0.1345 0.126 0.1814 0.0 0.0 0.1505 0.1856 0.0 0.0 0.0 0.2325 0.0 0.0 0.0 0.2378 0.0 0.0 0.0 0.0 0.1303 0.0
0.0 0.3631828 0.6053046 0.8474264 1.089548 1.33167 1.573792 1.815914 2.058036 2.300157 2.542279 2.784401 3.026523 3.268645 3.510767 3.752888 3.99501 4.237132 4.479254 4.721376 4.963498 5.205619 5.447741 5.689863 5.931985 6.174107 6.416229 6.65835 6.900472 7.142594 7.384716 7.626838 7.86896 8.111081 8.353203 8.441709
0.0 2.342826200944599e-07 0.0002186404922067079 0.0013375121941271147 0.00528058914907189 0.014880188174526354 0.03298100553336191 0.06156004560263026 0.10246398101698896 0.15306341747958707 0.20805174734170984 0.2653142788237024 0.3241001438070547 0.3831408661944905 0.43339431060841366 0.5413257190845369 0.580967764114512 0.6671908469821459 0.6671908469821459 0.6671908469821459 0.7605489444647462 0.847730200133938 0.847730200133938 0.847730200133938 0.847730200133938 0.924142992009122 0.924142992009122 0.924142992009122 0.924142992009122 0.9999997996006306 0.9999997996006306 0.9999997996006306 0.9999997996006306 0.9999997996006306 1.0 1.0
0.0 0.1819 0.1379 0.1851 0.1834 0.182 0.1807 0.1797 0.179 0.1785 0.1784 0.1787 0.1796 0.1806 0.1669 0.145 0.1636 0.213 0.0 0.0 0.1775 0.2244 0.0 0.0 0.0 0.2747 0.0 0.0 0.0 0.2835 0.0 0.0 0.0 0.0 0.1713 0.0
0.0 0.3631828 0.6053046 0.8474264 1.089548 1.33167 1.573792 1.815914 2.058036 2.300157 2.542279 2.784401 3.026523 3.268645 3.510767 3.752888 3.99501 4.237132 4.479254 4.721376 4.963498 5.205619 5.447741 5.689863 5.931985 6.174107 6.416229 6.65835 6.900472 7.142594 7.384716 7.626838 7.86896 8.111081 8.353203
8.117037435527125e-11 2.0273132950042243e-07 0.0049343744098615345 0.010159704850238436 0.015847676837152998 0.02495671645668372 0.040901179724374126 0.0659385379281031 0.10183021768181869 0.1462954555777868 0.19469207401962693 0.24517403934180887 0.29716067076420033 0.3494662008462725 0.40075065475523286 0.4502683214729729 0.4976883415215079 0.5430619478796461 0.5783214475404103 0.6588161082980526 0.6894680779960254 0.75369466997796 0.75369466997796 0.75369466997796 0.8238644811991226 0.8886360652037398 0.8886360652037398 0.8886360652037398 0.8886360652037398 0.9456454413117883 0.9456454413117883 0.9456454413117883 0.9456454413117883 1.0 1.0
1.0 0.1937 0.005652 0.03707 0.1201 0.1828 0.1972 0.1987 0.1991 0.1996 0.2004 0.2016 0.203 0.2048 0.2068 0.2092 0.2121 0.2148 0.1805 0.1748 0.1905 0.2587 0.0 0.0 0.215 0.2742 0.0 0.0 0.0 0.3287 0.0 0.0 0.0 0.3405 0.0
0.0 0.3631828 0.6053046 0.8474264 1.089548 1.33167 1.573792 1.815914 2.058036 2.300157 2.542279 2.784401 3.026523 3.268645 3.510767 3.752888 3.99501 4.237132 4.479254 4.721376 4.963498 5.205619 5.447741 5.689863 5.931985 6.174107 6.416229 6.65835 6.900472 7.142594 7.384716 7.626838 7.86896 8.111081 8.353203 8.595325 8.837447 9.079569 9.321691
1.2367946625670486e-08 0.010316971544307168 0.02786404954025979 0.047309403900379146 0.06523895449886248 0.08252142480262134 0.10162287172643525 0.12516730520800187 0.1561592151248296 0.1938344867497585 0.23480162266073917 0.2776160755528163 0.32179425548059964 0.36633542446667616 0.41010277206114043 0.452461261109449 0.49319947082338045 0.5322791943770284 0.5696792703218239 0.6053997955065017 0.639613717559356 0.6723553935690822 0.7178358984346641 0.7537622029687573 0.7766135965884667 0.8231997266113259 0.8231997266113259 0.8231997266113259 0.8979761989852411 0.919727482983124 0.919727482983124 0.919727482983124 0.919727482983124 0.9611189858381218 0.9611189858381218 0.9611189858381218 0.9611189858381218 1.0 1.0
1.0 6.55e-06 0.001426 0.009004 0.03474 0.08859 0.1526 0.1975 0.2171 0.2234 0.226 0.2283 0.2308 0.2336 0.2367 0.24 0.2437 0.2475 0.2516 0.2564 0.2607 0.2651 0.2399 0.1783 0.2305 0.3211 0.0 0.0 0.2278 0.5617 0.0 0.0 0.0 0.4021 0.0 0.0 0.0 0.4283 0.0
0.0 0.3631828 0.6053046 0.8474264 1.089548 1.33167 1.573792 1.815914 2.058036 2.300157 2.542279 2.784401 3.026523 3.268645 3.510767 3.752888 3.99501 4.237132 4.479254 4.721376 4.963498 5.205619 5.447741 5.689863 5.931985 6.174107 6.416229 6.65835 6.900472 7.142594 7.384716 7.626838 7.86896 8.111081 8.353203 8.595325 8.837447 9.079569 9.321691 9.563812 9.805934 10.04806
0.0 0.00796042111863144 0.024320230240431093 0.04709663113859656 0.07482464144601356 0.10719524106630356 0.14427469874535612 0.1838500209229582 0.22519840128890165 0.26708104769313457 0.3072419415255917 0.34561144854689485 0.3835238537583155 0.42131626338894385 0.4584308529460694 0.49439928616672485 0.5290524893744227 0.5623640955014707 0.5943203762398968 0.6249983263328244 0.6544628102195074 0.6827455700723467 0.7098758542088559 0.7358081679364786 0.7606235494329616 0.783474981466179 0.799475179134444 0.8247764507268389 0.8533903121872921 0.8747808416062934 0.8747808416062934 0.8940397885104522 0.926949351332606 0.9432757452201337 0.9432757452201337 0.9432757452201337 0.9432757452201337 0.9729576787256818 0.9729576787256818 0.9729576787256818 1.0 1.0
0.0 4.88e-06 0.001667 0.008156 0.02326 0.04792 0.07818 0.1149 0.1571 0.1919 0.2184 0.2399 0.2524 0.258 0.2615 0.2651 0.2693 0.2738 0.2787 0.2839 0.2894 0.2951 0.3009 0.3076 0.3135 0.467 0.3411 0.2198 0.272 0.4527 0.0 0.4786 0.1641 0.6377 0.0 0.0 0.0 0.4708 0.0 0.0 0.5013 0.0
0.0 0.3631828 0.6053046 0.8474264 1.089548 1.33167 1.573792 1.815914 2.058036 2.300157 2.542279 2.784401 3.026523 3.268645 3.510767 3.752888 3.99501 4.237132 4.479254 4.721376 4.963498 5.205619 5.447741 5.689863 5.931985 6.174107 6.416229 6.65835 6.900472 7.142594 7.384716 7.626838 7.86896 8.111081 8.353203 8.595325 8.837447 9.079569 9.321691 9.563812 9.805934 10.04806 10.29018 10.5323 10.77442 11.01654
0.0 0.004675556610431959 0.017160532617768405 0.037189649656753206 0.06342493037139013 0.09451620657138463 0.13074801983503703 0.1726315135642789 0.2209151105575141 0.2736705283234714 0.3270285631199186 0.3763130917713344 0.4189697047259599 0.4563013322044452 0.49005047661549694 0.5213610183475785 0.5510604087654293 0.5795271811429726 0.606875762258548 0.6331929770015179 0.6585357240026689 0.6829325252139444 0.706409420838498 0.7289903397770986 0.7506740302598688 0.7714448899558812 0.7912988972214877 0.8101847294917185 0.8281814250177824 0.8444880932000349 0.856126267465728 0.8738911216516916 0.8941987490141133 0.9101317747834716 0.9101317747834716 0.9243992710960953 0.9467154927618393 0.9593265367652525 0.9593265367652525 0.9593265367652525 0.9807282739521184 0.9807282739521184 0.9807282739521184 0.9807282739521184 1.0 1.0
0.0 7.287e-06 0.001928 0.008286 0.02216 0.04528 0.07298 0.09951 0.1237 0.1406 0.1521 0.1733 0.2085 0.2431 0.2682 0.2846 0.2942 0.3008 0.3065 0.3125 0.3189 0.3255 0.3324 0.3395 0.3468 0.3543 0.3618 0.3704 0.3777 0.5201 0.4096 0.2731 0.3335 0.5268 0.0 0.558 0.2086 0.7093 0.0 0.0 0.5474 0.0 0.0 0.0 0.5785 0.0
0.0 0.3631828 0.6053046 0.8474264 1.089548 1.33167 1.573792 1.815914 2.058036 2.300157 2.542279 2.784401 3.026523 3.268645 3.510767 3.752888 3.99501 4.237132 4.479254 4.721376 4.963498 5.205619 5.447741 5.689863 5.931985 6.174107 6.416229 6.65835 6.900472 7.142594 7.384716 7.626838 7.86896 8.111081 8.353203 8.595325 8.837447 9.079569 9.321691 9.563812 9.805934 10.04806 10.29018 10.5323 10.77442 11.01654 11.25867 11.50079 11.74291 11.98503
0.0 0.001842746276031502 0.016179691185506863 0.03701719122396187 0.06361994171332026 0.09730923546699727 0.1364773107876714 0.1794988279319651 0.22678454661246758 0.27700555686247275 0.3281687116415831 0.3785627663752826 0.42564355312490654 0.4679322400763952 0.5054516593198738 0.5384460391619078 0.5677666800147955 0.5944009305563838 0.6191337740252139 0.6424382075545182 0.6646961904632446 0.6861202330960671 0.7067847733934739 0.7267195172848125 0.7459240241083221 0.7643849384229497 0.7820985920827209 0.7990686144941146 0.8153076831570137 0.8308295917530134 0.8456431946780402 0.8597127668536428 0.8730910157845861 0.8849158133695966 0.8936143724120799 0.9063562815484858 0.9334073448488257 0.9334073448488257 0.9334073448488257 0.9443584530143921 0.9596706816701034 0.9696170011212193 0.9696170011212193 0.9696170011212193 0.9856066770185667 0.9856066770185667 0.9856066770185667 0.9856066770185667 1.0 1.0
0.0 1.615e-05 0.001478 0.007079 0.01962 0.03772 0.06131 0.08848 0.116 0.1362 0.147 0.1576 0.1762 0.2006 0.2259 0.2534 0.2801 0.3028 0.32 0.334 0.3445 0.3528 0.3607 0.3687 0.377 0.3856 0.3943 0.4031 0.4121 0.4211 0.4302 0.4405 0.4492 0.5711 0.4839 0.3358 0.4935 0.0 0.0 0.6356 0.2634 0.771 0.0 0.0 0.6235 0.0 0.0 0.0 0.6521 0.0
0.0 0.3631828 0.6053046 0.8474264 1.089548 1.33167 1.573792 1.815914 2.058036 2.300157 2.542279 2.784401 3.026523 3.268645 3.510767 3.752888 3.99501 4.237132 4.479254 4.721376 4.963498 5.205619 5.447741 5.689863 5.931985 6.174107 6.416229 6.65835 6.900472 7.142594 7.384716 7.626838 7.86896 8.111081 8.353203 8.595325 8.837447 9.079569 9.321691 9.563812 9.805934 10.04806 10.29018 10.5323 10.77442 11.01654 11.25867 11.50079 11.74291 11.98503 12.22715 12.46927 12.7114 12.95352
3.51272784293367e-08 0.0013036980366622685 0.014568756978889888 0.034938588300009205 0.06351618045583199 0.09954282045371159 0.1418622070302504 0.18874621977642492 0.2390710501795438 0.292617771673373 0.3456798620955652 0.39537161652795616 0.440852847979295 0.481054055865232 0.5164708393766811 0.5482163294532626 0.577244461925883 0.6040150745899324 0.6289336004637242 0.65202725162067 0.6731184292711238 0.6928428436714146 0.711504851657219 0.7292964267917263 0.7463941218982415 0.7628526201939552 0.7786908289732241 0.7939154356412231 0.8085378005546079 0.8225703276151568 0.8360208906250529 0.8488942690693853 0.861194346582441 0.8729293916249996 0.8841118783141728 0.894727427033981 0.9048234912435222 0.9134112187215817 0.9200393258373181 0.935711228389481 0.9496485240885708 0.9496485240885708 0.9496485240885708 0.9633389838371205 0.9686850630824604 0.9767220311723934 0.9767220311723934 0.9767220311723934 0.9890390765838806 0.9890390765838806 0.9890390765838806 0.9890390765838806 1.0 1.0
1.0 8.904e-05 0.001402 0.006376 0.0162 0.03149 0.05095 0.07331 0.09894 0.1166 0.13 0.1472 0.1687 0.1958 0.2227 0.2457 0.2645 0.282 0.2976 0.3164 0.3419 0.3612 0.3774 0.3914 0.4024 0.4123 0.422 0.4318 0.4417 0.4518 0.462 0.4723 0.4826 0.4929 0.503 0.5145 0.5242 0.6177 0.5595 0.4346 0.6113 0.0 0.0 0.547 0.3639 0.8229 0.0 0.0 0.6941 0.0 0.0 0.0 0.7189 0.0
0.0 0.3631828 0.6053046 0.8474264 1.089548 1.33167 1.573792 1.815914 2.058036 2.300157 2.542279 2.784401 3.026523 3.268645 3.510767 3.752888 3.99501 4.237132 4.479254 4.721376 4.963498 5.205619 5.447741 5.689863 5.931985 6.174107 6.416229 6.65835 6.900472 7.142594 7.384716 7.626838 7.86896 8.111081 8.353203 8.595325 8.837447 9.079569 9.321691 9.563812 9.805934 10.04806 10.29018 10.5323 10.77442 11.01654 11.25867 11.50079 11.74291 11.98503 12.22715 12.46927 12.7114 12.95352 13.19564 13.43776 13.67988 13.92201
0.0 0.002623535360527295 0.015684480595892444 0.035345453999227686 0.0623767831386412 0.09653697811664355 0.13674406908702516 0.18319335152228428 0.23546009529862177 0.29048196765307 0.34528532505099746 0.39702932778453365 0.4445479655183738 0.487052623222176 0.5238206156413995 0.5554326719984429 0.5833655417922663 0.6085406438799723 0.6318642451341991 0.6538903735813292 0.6743394777713355 0.6936526358943487 0.7119269460700512 0.7290960644943034 0.74528142737369 0.7606285693010816 0.7752121437020115 0.7891733826643338 0.8025840632061764 0.8154851353935741 0.8278927899136654 0.8398126875749639 0.8512482059770744 0.8622068605817703 0.8727000383789744 0.8827417775927074 0.8923441601025601 0.9015099025155265 0.9102344698896282 0.9184877011078191 0.9262892952026341 0.9325009865798961 0.9413804247648443 0.9493258319662793 0.9602974304042999 0.9602974304042999 0.9602974304042999 0.9709207825851313 0.9815279126029854 0.9815279126029854 0.9815279126029854 0.9815279126029854 0.9913453210937097 0.9913453210937097 0.9913453210937097 0.9913453210937097 1.0 1.0
0.0 8.578e-06 0.001245 0.00587 0.01534 0.02993 0.04858 0.06736 0.08714 0.1043 0.1162 0.1311 0.1504 0.1733 0.2015 0.2324 0.2595 0.2837 0.3014 0.3149 0.3353 0.3511 0.3673 0.3873 0.4068 0.4242 0.4408 0.4541 0.466 0.4772 0.4882 0.4993 0.5105 0.5217 0.533 0.5442 0.5553 0.5662 0.577 0.5889 0.5988 0.6586 0.5473 0.5477 0.6822 0.0 0.0 0.6218 0.7078 0.0 0.0 0.0 0.7568 0.0 0.0 0.0 0.7766 0.0
0.0 0.3631828 0.6053046 0.8474264 1.089548 1.33167 1.573792 1.815914 2.058036 2.300157 2.542279 2.784401 3.026523 3.268645 3.510767 3.752888 3.99501 4.237132 4.479254 4.721376 4.963498 5.205619 5.447741 5.689863 5.931985 6.174107 6.416229 6.65835 6.900472 7.142594 7.384716 7.626838 7.86896 8.111081 8.353203 8.595325 8.837447 9.079569 9.321691 9.563812 9.805934 10.04806 10.29018 10.5323 10.77442 11.01654 11.25867 11.50079 11.74291 11.98503 12.22715 12.46927 12.7114 12.95352 13.19564 13.43776 13.67988 13.92201 14.16413 14.40625 14.64837 14.89049
0.0 0.0026571224758111874 0.01467865550356207 0.03325651122326339 0.059986325782078756 0.09449367471359303 0.13568470000006852 0.18227940035845314 0.23323113152847047 0.28678891683725416 0.3398866222387146 0.39101873417441757 0.4391519735092759 0.482256560279568 0.5202150896084067 0.5533209889453684 0.5823268697965703 0.608112118659959 0.6313356773680667 0.6526102376408602 0.6721346347701465 0.6904271208548781 0.7077570540131995 0.7241933396976025 0.7398656583619143 0.7548320732429391 0.7690507190545095 0.7825529021496498 0.7953835724466815 0.8076426608897945 0.8193657400187131 0.8306198170507573 0.8414337044840702 0.8518277139192336 0.8618169537586351 0.8714154404351948 0.8806346384177117 0.8894769761881722 0.8979379066985499 0.906008084046086 0.9136823389296428 0.9209683635598592 0.927881297814961 0.934426809767062 0.9406415348707339 0.945203628347722 0.9547214666628828 0.9585714580376558 0.967593162083321 0.967593162083321 0.967593162083321 0.9761184800527845 0.9848185542977497 0.9848185542977497 0.9848185542977497 0.9848185542977497 0.9929371390633843 0.9929371390633843 0.9929371390633843 0.9929371390633843 1.0 1.0
0.0 7.493e-06 0.001204 0.005586 0.0141 0.02704 0.04346 0.06181 0.08265 0.09958 0.112 0.1245 0.1399 0.1616 0.1851 0.211 0.2383 0.2648 0.29 0.313 0.3378 0.3573 0.3739 0.3911 0.4066 0.4215 0.4388 0.4567 0.4748 0.4908 0.5064 0.5199 0.5325 0.5446 0.5565 0.5684 0.5803 0.592 0.6037 0.6151 0.6263 0.6373 0.6479 0.6597 0.6693 0.6933 0.6185 0.6259 0.7445 0.0 0.0 0.6911 0.7679 0.0 0.0 0.0 0.8097 0.0 0.0 0.0 0.8251 0.0
0.0 0.3631828 0.6053046 0.8474264 1.089548 1.33167 1.573792 1.815914 2.058036 2.300157 2.542279 2.784401 3.026523 3.268645 3.510767 3.752888 3.99501 4.237132 4.479254 4.721376 4.963498 5.205619 5.447741 5.689863 5.931985 6.174107 6.416229 6.65835 6.900472 7.142594 7.384716 7.626838 7.86896 8.111081 8.353203 8.595325 8.837447 9.079569 9.321691 9.563812 9.805934 10.04806 10.29018 10.5323 10.77442 11.01654 11.25867 11.50079 11.74291 11.98503 12.22715 12.46927 12.7114 12.95352 13.19564 13.43776 13.67988 13.92201 14.16413 14.40625 14.64837 14.89049 15.13261 15.37474 15.61686 15.85898 16.1011 16.34322 16.58535 16.82747 16.88342
0.0 0.004444070777492435 0.015423113337943618 0.0323491881308861 0.057122801254730356 0.0901008572069633 0.13047244161921492 0.17726245732328483 0.22934193874027786 0.28362608451670906 0.3369753011333337 0.38749636551580696 0.43426183006827274 0.4764538557385751 0.5136846360225287 0.5466654037390413 0.5760413408770645 0.6019955641620246 0.6252873821195607 0.6464343954929161 0.6658705906792298 0.684023605641764 0.701055061531592 0.7170303021829837 0.7321568574635373 0.7465491226651506 0.7602318620066212 0.7732905759629588 0.7857744636860959 0.7977506074449032 0.8092455098927788 0.8202532729424142 0.8307840463401138 0.8408780779944689 0.8505500138538081 0.8598515711368955 0.868806824015368 0.8774256583227563 0.8857061855089369 0.8936393938001158 0.9012197095522111 0.9084542632525474 0.9153575773673303 0.9219494187211843 0.9282492490652532 0.9342682423211004 0.9400106767811207 0.9454654148420222 0.9506438071742904 0.9540132154525897 0.9618194187479701 0.9649788420435103 0.9726243829901878 0.9726243829901878 0.9726243829901878 0.9797297477559932 0.9871110999101521 0.9871110999101521 0.9871110999101521 0.9871110999101521 0.9940357352715844 0.9940357352715844 0.9940357352715844 0.9940357352715844 0.9999998056158941 0.9999998056158941 0.9999998056158941 0.9999998056158941 0.9999998056158941 1.0 1.0
0.0 4.024e-06 0.00119 0.005595 0.01406 0.02621 0.0412 0.05743 0.07581 0.09262 0.1057 0.1201 0.1377 0.1584 0.1816 0.2045 0.2276 0.2549 0.2807 0.306 0.3305 0.3514 0.372 0.3941 0.4133 0.4308 0.4488 0.4654 0.4816 0.4965 0.5114 0.5274 0.5439 0.5592 0.5749 0.5886 0.6015 0.614 0.6261 0.6381 0.6499 0.6615 0.6729 0.6839 0.6946 0.705 0.7149 0.7258 0.7346 0.7219 0.6887 0.6948 0.7998 0.0 0.0 0.7541 0.8196 0.0 0.0 0.0 0.8543 0.0 0.0 0.0 0.8656 0.0 0.0 0.0 0.0 0.7942 0.0
0.0 0.3631828 0.6053046 0.8474264 1.089548 1.33167 1.573792 1.815914 2.058036 2.300157 2.542279 2.784401 3.026523 3.268645 3.510767 3.752888 3.99501 4.237132 4.479254 4.721376 4.963498 5.205619 5.447741 5.689863 5.931985 6.174107 6.416229 6.65835 6.900472 7.142594 7.384716 7.626838 7.86896 8.111081 8.353203 8.595325 8.837447 9.079569 9.321691 9.563812 9.805934 10.04806 10.29018 10.5323 10.77442 11.01654 11.25867 11.50079 11.74291 11.98503 12.22715 12.46927 12.7114 12.95352 13.19564 13.43776 13.67988 13.92201 14.16413 14.40625 14.64837 14.89049 15.13261 15.37474 15.61686 15.85898 16.1011 16.34322 16.58535 16.82747 17.06959 17.31171 17.55383 17.79595 17.82139
0.0 0.0038982014210224877 0.015209924025129324 0.03308359412310351 0.05829055109689085 0.09100812492007279 0.1308941491280599 0.1773818651160468 0.22967679876836883 0.28446381901146334 0.33812988816404715 0.3887473054469512 0.4349414488066373 0.4760829711645551 0.5123873850950968 0.5441255279937407 0.5721658663845709 0.5971984472701914 0.6197793395799112 0.6404396882295484 0.6595026724956422 0.6771299594954235 0.6935831642067112 0.7090143972010545 0.723694273121917 0.7376282687634034 0.7508430901551233 0.7634184486213564 0.7754406944649129 0.7869877908909992 0.798096230490574 0.8087879131764042 0.8190848865555274 0.8289996731651277 0.838534282615774 0.847698266610713 0.8565178372511734 0.8650071174991417 0.8731611293313292 0.8809940852947717 0.8885050217448834 0.8957022119820427 0.9025999847717282 0.9092177050119288 0.9155746843338473 0.921682132974754 0.9275443921777213 0.9331605273527741 0.9385297540254248 0.943655130193443 0.9485320264888675 0.9531754108786107 0.9575897384029703 0.9630756338646299 0.9666415958130301 0.9693180605416809 0.9759678764417642 0.9759678764417642 0.9759678764417642 0.9839311011732106 0.9884558362179868 0.9884558362179868 0.9884558362179868 0.9884558362179868 0.9945784876839087 0.9945784876839087 0.9945784876839087 0.9945784876839087 0.9999995841001973 0.9999995841001973 0.9999995841001973 0.9999995841001973 0.9999995841001973 1.0 1.0
0.0 4.157e-06 0.001052 0.004877 0.01283 0.02463 0.03903 0.05432 0.07126 0.08705 0.1003 0.115 0.1344 0.1573 0.1812 0.2073 0.233 0.2584 0.2833 0.3069 0.3304 0.3552 0.3786 0.4018 0.4202 0.4398 0.4601 0.4792 0.4967 0.5123 0.5272 0.5417 0.5557 0.5698 0.5847 0.6004 0.6154 0.6298 0.6444 0.6572 0.6694 0.6814 0.693 0.7045 0.7156 0.7264 0.7368 0.7469 0.7565 0.7658 0.7759 0.7841 0.7917 0.7824 0.6991 0.7566 0.846 0.0 0.0 0.7756 0.9432 0.0 0.0 0.0 0.8912 0.0 0.0 0.0 0.9032 0.0 0.0 0.0 0.0 0.8464 0.0
0.0 0.7263655 1.210609 1.694853 2.179097 2.66334 3.147584 3.631828 4.116071 4.600315 5.084559 5.568802 6.053046 6.53729 7.021533 7.505777 7.990021 8.474264 8.958508 9.442752 9.926995 10.41124 10.89548 11.37973 11.86397 12.34821 12.83246 13.3167 13.80094 14.28519 14.76943 15.25368 15.73792 16.22216 16.70641 17.19065 17.67489 18.15914 18.64338 18.75935
0.008122546581844962 0.03640676586468313 0.09129844987263429 0.17464690433606403 0.27757883993836774 0.37765667247066004 0.4644136069858267 0.5347473786777812 0.5901213833013014 0.6342063043976038 0.6711550051224879 0.7035859029661354 0.7322038569974882 0.7577001221213515 0.7810008268511622 0.8022990744688553 0.8218983817529276 0.8400969657896283 0.8570541820041117 0.872718292758572 0.8871197494039705 0.9004105121068292 0.912773887011579 0.9242506866106303 0.9348417617720044 0.9445800046223577 0.9535026394221016 0.9616132544032348 0.969138015147953 0.978814567635702 0.978814567635702 0.9898391430366275 0.9898391430366275 0.9952681040162272 0.9952681040162272 0.9999998574183439 0.9999998574183439 0.9999998574183439 1.0 1.0
2.425e-06 0.005704 0.02751 0.05719 0.0883 0.112 0.1451 0.1833 0.2298 0.2837 0.3349 0.3781 0.4242 0.4697 0.5061 0.5438 0.5782 0.6083 0.6366 0.6664 0.6943 0.72 0.7424 0.7633 0.7828 0.8006 0.8169 0.8322 0.8329 0.8526 0.0 0.8746 0.0 0.9178 0.0 0.9254 0.0 0.0 0.8677 0.0
0.0 0.7263655 1.210609 1.694853 2.179097 2.66334 3.147584 3.631828 4.116071 4.600315 5.084559 5.568802 6.053046 6.53729 7.021533 7.505777 7.990021 8.474264 8.958508 9.442752 9.926995 10.41124 10.89548 11.37973 11.86397 12.34821 12.83246 13.3167 13.80094 14.28519 14.76943 15.25368 15.73792 16.22216 16.70641 17.19065 17.67489 18.15914 18.64338 19.12762 19.61187
0.004074993264542314 0.026569862883220854 0.07221607506046308 0.14497160491904085 0.23848489929257902 0.33203380957093537 0.415945415075921 0.48675216295996476 0.5454967161150738 0.5948760331321193 0.6369225060205022 0.6730592182359548 0.704148365813264 0.731052266094794 0.7550245940778417 0.7768099211175349 0.7966272947331112 0.8148383376660533 0.8318087388878483 0.847515047217572 0.8620068337837832 0.8754773561146969 0.8881072897165672 0.8999292663278003 0.9109677367037616 0.9212761149970718 0.9309140457175435 0.9398981819694462 0.9482298047608005 0.9559228402015285 0.9629943829554822 0.9694446028532706 0.9759706205779206 0.9826430614011802 0.9826430614011802 0.9916327098694144 0.9916327098694144 0.9961251957786634 0.9961251957786634 1.0 1.0
4.048e-06 0.006194 0.0292 0.05864 0.08858 0.1116 0.1424 0.1755 0.2103 0.2473 0.2889 0.3346 0.3863 0.4414 0.4891 0.5304 0.5732 0.613 0.6454 0.6787 0.7095 0.7365 0.7608 0.7849 0.8069 0.8264 0.843 0.858 0.8715 0.8836 0.8942 0.9041 0.8896 0.9219 0.0 0.9299 0.0 0.9551 0.0 0.9553 0.0
0.0 0.7263655 1.210609 1.694853 2.179097 2.66334 3.147584 3.631828 4.116071 4.600315 5.084559 5.568802 6.053046 6.53729 7.021533 7.505777 7.990021 8.474264 8.958508 9.442752 9.926995 10.41124 10.89548 11.37973 11.86397 12.34821 12.83246 13.3167 13.80094 14.28519 14.76943 15.25368 15.73792 16.22216 16.70641 17.19065 17.67489 18.15914 18.64338 19.12762 19.61187 20.09611 20.58036 21.0646 21.54884
0.004288326280656607 0.029827009098596154 0.07608055045663976 0.14493881311625031 0.23123728543297561 0.3161740564923275 0.39347176114293236 0.4596034184266775 0.5156792079467323 0.5640744637121944 0.6062420763187386 0.6434456375642933 0.6765555880444838 0.7058680080056214 0.731943635931627 0.755033983771065 0.7755426945228112 0.7939515512913944 0.8107922484337741 0.8263178750649746 0.8406160876704268 0.8538672413008447 0.86631900932427 0.878068355934657 0.8891571367034415 0.8996333751361224 0.9095380630021972 0.9188830945631834 0.9276756083171195 0.9359470262727064 0.943721195186818 0.9510049284185607 0.9577977940669656 0.964100063889946 0.9699126550704581 0.9760287852814316 0.979762747257075 0.9853839043990952 0.9882068494109968 0.9929907014967908 0.9929907014967908 0.996801395289759 0.996801395289759 1.0 1.0
4.643e-06 0.006401 0.03291 0.06937 0.1055 0.1332 0.1659 0.1998 0.2312 0.2618 0.296 0.3313 0.3673 0.4083 0.4515 0.5014 0.554 0.6058 0.6499 0.6875 0.7234 0.7573 0.7855 0.8095 0.8297 0.8476 0.8643 0.8803 0.895 0.9067 0.9168 0.9257 0.9336 0.9405 0.9464 0.9859 0.9422 0.961 0.9774 0.9547 0.0 0.9765 0.0 0.978 0.0
0.0 0.7263655 1.210609 1.694853 2.179097 2.66334 3.147584 3.631828 4.116071 4.600315 5.084559 5.568802 6.053046 6.53729 7.021533 7.505777 7.990021 8.474264 8.958508 9.442752 9.926995 10.41124 10.89548 11.37973 11.86397 12.34821 12.83246 13.3167 13.80094 14.28519 14.76943 15.25368 15.73792 16.22216 16.70641 17.19065 17.67489 18.15914 18.64338 19.12762 19.61187 20.09611 20.58036 21.0646 21.54884 22.03309 22.51733 23.00157 23.48582 23.97006 24.38716
0.0010977355526825766 0.02688807512738696 0.07291839846409728 0.13989329854312005 0.22231057978819815 0.3025657377423355 0.3754891053350539 0.43813031089848686 0.4916485916731732 0.5382331404914016 0.5793013412131872 0.6159078545656534 0.6487434068694797 0.6781284332752981 0.7045438481441444 0.7283723218617707 0.7499476232780732 0.7695919705383535 0.7875216292677418 0.8037851424651222 0.8185170147908414 0.8320012075263234 0.8445704865869637 0.8563940959585902 0.8675441936292633 0.878076561168616 0.8880818842049654 0.8976013072783375 0.9066540411872727 0.915262906325497 0.923450631029947 0.9312252436217275 0.9385910465444963 0.9455583259332602 0.952133118775404 0.958315110139804 0.9641059231330202 0.9694997872478496 0.9744934029751354 0.9792929470003356 0.9838241202882589 0.9873958777110271 0.9898563885514003 0.9939736095873182 0.9939736095873182 0.9972893759730236 0.9972893759730236 0.999999963443958 0.999999963443958 1.0 1.0
1.499e-05 0.005408 0.02877 0.06309 0.09958 0.1296 0.1649 0.2007 0.2321 0.262 0.2942 0.3274 0.3616 0.3991 0.4382 0.4789 0.5202 0.5619 0.6055 0.6523 0.6988 0.742 0.7777 0.807 0.8328 0.8567 0.8757 0.8916 0.9047 0.916 0.9263 0.9358 0.9443 0.9511 0.9568 0.9618 0.9661 0.9698 0.9721 0.9916 0.969 0.9825 0.9888 0.9772 0.0 0.9884 0.0 0.9889 0.0 0.9836 0.0
0.0 0.7263655 1.210609 1.694853 2.179097 2.66334 3.147584 3.631828 4.116071 4.600315 5.084559 5.568802 6.053046 6.53729 7.021533 7.505777 7.990021 8.474264 8.958508 9.442752 9.926995 10.41124 10.89548 11.37973 11.86397 12.34821 12.83246 13.3167 13.80094 14.28519 14.76943 15.25368 15.73792 16.22216 16.70641 17.19065 17.67489 18.15914 18.64338 19.12762 19.61187 20.09611 20.58036 21.0646 21.54884 22.03309 22.51733 23.00157 23.48582 23.97006 24.45431 24.93855 25.42279 25.90704 26.2631
0.0004870536716623019 0.024107736114740635 0.06900991545118325 0.1352251962747341 0.2163419582852727 0.29487184191623106 0.36569107652453076 0.42599109143087355 0.4772432318370366 0.5217552385383145 0.5610736926222508 0.5962280901174267 0.6278776858966849 0.6563703968900834 0.682141654479751 0.7055457982304284 0.7268511450884815 0.746340741436227 0.7642489165672643 0.7806909969761596 0.7957746174954303 0.809702866096125 0.8226832093780646 0.8347871487991572 0.8461010121255785 0.8567424750056059 0.866835781030676 0.8764532502297839 0.8856372303367382 0.8944062239642753 0.9028051750243257 0.9108541167122498 0.9185627798523897 0.9259386575185415 0.932989291220661 0.9397168218369756 0.9461271585788827 0.952220408005932 0.9579964151224148 0.9634401937807382 0.9685306742517394 0.9732633674722032 0.977631743763535 0.9813782888959095 0.9853791427531073 0.9885584433089883 0.9913243954963489 0.9944033552208952 0.9944033552208952 0.9974319641050818 0.9974319641050818 0.9999999930690278 0.9999999930690278 1.0 1.0
2.74e-05 0.004952 0.02516 0.0554 0.08952 0.1196 0.1563 0.1947 0.2277 0.2588 0.2915 0.3249 0.3592 0.3957 0.4334 0.4722 0.5121 0.5526 0.5936 0.6341 0.6733 0.7108 0.7475 0.785 0.8192 0.849 0.8729 0.8921 0.9083 0.9228 0.9341 0.9432 0.9507 0.957 0.9627 0.9678 0.9723 0.9758 0.9782 0.9803 0.9825 0.9845 0.9863 0.9954 0.9849 0.9916 0.9893 0.9927 0.0 0.9946 0.0 0.9951 0.0 0.9922 0.0
0.0 0.7263655 1.210609 1.694853 2.179097 2.66334 3.147584 3.631828 4.116071 4.600315 5.084559 5.568802 6.053046 6.53729 7.021533 7.505777 7.990021 8.474264 8.958508 9.442752 9.926995 10.41124 10.89548 11.37973 11.86397 12.34821 12.83246 13.3167 13.80094 14.28519 14.76943 15.25368 15.73792 16.22216 16.70641 17.19065 17.67489 18.15914 18.64338 19.12762 19.61187 20.09611 20.58036 21.0646 21.54884 22.03309 22.51733 23.00157 23.48582 23.97006 24.45431 24.93855 25.42279 25.90704 26.39128 26.87552 27.35977
0.001477560910878115 0.023265406041528082 0.06686683348486197 0.1319804986866339 0.21149390158877046 0.2883715088441188 0.35783214580791384 0.4167627813434963 0.4665959942030561 0.5096256501092363 0.5475352544355256 0.5813466813747916 0.6117417602953258 0.6391391819880438 0.6639689478412752 0.6865741653606441 0.7072169893826202 0.7261774953046153 0.7436798015967302 0.7598234938531653 0.7746823187197862 0.7884489246497239 0.8013422933379043 0.8134721773165631 0.8248968692919113 0.8357017802662742 0.8459605551192166 0.8557058462952022 0.8649899180586322 0.8738610318660829 0.8823787597715449 0.8905788653606723 0.8984832816942611 0.9061010950491541 0.9134450989031467 0.9205225089715556 0.9273432498917009 0.9339086107033904 0.9402211549481978 0.9462685882878024 0.9520325297899024 0.957507052778989 0.9626864292661403 0.9675662299942711 0.9721403407471185 0.9763995948040021 0.9803318999053978 0.9832727521533982 0.986896355481613 0.9897744145299069 0.9922647115044564 0.995029883133853 0.995029883133853 0.9977187857669324 0.9977187857669324 1.0 1.0
7.311e-06 0.0045 0.02202 0.04874 0.0804 0.1097 0.1458 0.1847 0.2181 0.2503 0.2837 0.3182 0.3536 0.3907 0.4291 0.4679 0.5075 0.5471 0.5868 0.6261 0.6649 0.7028 0.7388 0.7724 0.8023 0.8296 0.8549 0.8796 0.9003 0.9183 0.9325 0.9439 0.9533 0.9605 0.9665 0.9714 0.9754 0.9788 0.9812 0.9835 0.9858 0.9877 0.9892 0.9905 0.9917 0.9926 0.9935 0.9975 0.9927 0.996 0.9949 0.9965 0.0 0.9974 0.0 0.9977 0.0
0.0 0.7263655 1.210609 1.694853 2.179097 2.66334 3.147584 3.631828 4.116071 4.600315 5.084559 5.568802 6.053046 6.53729 7.021533 7.505777 7.990021 8.474264 8.958508 9.442752 9.926995 10.41124 10.89548 11.37973 11.86397 12.34821 12.83246 13.3167 13.80094 14.28519 14.76943 15.25368 15.73792 16.22216 16.70641 17.19065 17.67489 18.15914 18.64338 19.12762 19.61187 20.09611 20.58036 21.0646 21.54884 22.03309 22.51733 23.00157 23.48582 23.97006 24.45431 24.93855 25.42279 25.90704 26.39128 26.87552 27.35977 27.84401 28.32825 28.8125 29.29674 29.78099 30.26523 30.74947 31.23372 31.71796
0.006025685069092928 0.028135718608505816 0.06845750240758781 0.12855421694254893 0.20245061736206169 0.2728734668776557 0.33606522425967783 0.3907736024261361 0.43753936325330817 0.47794559616806565 0.5135659582522727 0.5452867888009858 0.5737723930105678 0.5994018374958967 0.6225983829538394 0.6436863233140797 0.6629435581914153 0.6806274711216989 0.6969518781151831 0.7120262565438887 0.7259394754173928 0.7388824838662904 0.7510606369610804 0.7625805367142342 0.7735043384908694 0.7839156802832752 0.7938927602143233 0.8034571046244219 0.812643441251368 0.8214953910480508 0.8300587314870209 0.8383656015110761 0.8464395382694982 0.8543035494957062 0.8619835279967206 0.8694991738710736 0.8768428421594234 0.8840093989850077 0.8910112346218294 0.8978468628198513 0.9045062392487565 0.9109958528956357 0.917325116677391 0.9234972508024365 0.9295136006670475 0.9353677258543962 0.9410256174665727 0.9464779597272001 0.9517133143394235 0.9567212629819039 0.9614937313341777 0.9660244227473945 0.9703073611364376 0.9743363115366898 0.978105557228237 0.9815970699009876 0.9847969234892338 0.9873572262011809 0.9916852382796689 0.9916852382796689 0.9942680465085192 0.9960193415547962 0.9981834124353407 0.9981834124353407 1.0 1.0
1.1e-06 0.002994 0.01641 0.03818 0.06505 0.09377 0.1306 0.1667 0.1959 0.2254 0.2567 0.2897 0.324 0.3606 0.3987 0.4385 0.4791 0.52 0.5609 0.6015 0.6414 0.6797 0.7161 0.7501 0.7817 0.8108 0.837 0.8602 0.8808 0.899 0.9151 0.929 0.941 0.9514 0.96 0.9671 0.9733 0.9784 0.9823 0.9852 0.9878 0.99 0.9917 0.9931 0.9942 0.9951 0.9958 0.9964 0.997 0.9974 0.9978 0.9981 0.9983 0.9985 0.9987 0.9989 0.999 0.9993 0.9991 0.0 0.999 0.9998 0.9996 0.0 0.9996 0.0
0.0 0.7263655 1.210609 1.694853 2.179097 2.66334 3.147584 3.631828 4.116071 4.600315 5.084559 5.568802 6.053046 6.53729 7.021533 7.505777 7.990021 8.474264 8.958508 9.442752 9.926995 10.41124 10.89548 11.37973 11.86397 12.34821 12.83246 13.3167 13.80094 14.28519 14.76943 15.25368 15.73792 16.22216 16.70641 17.19065 17.67489 18.15914 18.64338 19.12762 19.61187 20.09611 20.58036 21.0646 21.54884 22.03309 22.51733 23.00157 23.48582 23.97006 24.45431 24.93855 25.42279 25.90704 26.39128 26.87552 27.35977 27.84401 28.32825 28.8125 29.29674 29.78099 30.26523 30.74947 31.23372 31.71796 32.2022 32.68645 33.17069 33.65493 34.13918 34.62342 35.10767 35.59191 36.07615 36.5604
0.0031365596867208596 0.021101845772962174 0.05580209602423271 0.10981019855106013 0.1778624874281679 0.24433381169076207 0.30475127872268465 0.35737687990470396 0.40262360992902996 0.4421049528682255 0.47697486205492046 0.5081250787441944 0.5361051454018472 0.561241895918859 0.5839069299726074 0.6044288371653052 0.6230604641645857 0.6400749550179387 0.6556950716505245 0.6700464880663661 0.6832318551721915 0.6954466777187784 0.7068947491599333 0.7176874019579262 0.7278911009379782 0.7375832428952493 0.7468478546173168 0.7557418900185537 0.7643060699594793 0.7725875027914778 0.7806345190737533 0.7884826646837167 0.7961592501460923 0.8036900727759233 0.8110710876473315 0.8183224320891491 0.825466687845847 0.8325188706134908 0.8394948787937937 0.846395934594575 0.8532157960259001 0.8599665542151246 0.8666594272840182 0.8732585735032771 0.8797625766638405 0.8861748026872428 0.8924944658684572 0.8987184039872527 0.9048407145558671 0.9108566639440163 0.9167637689358132 0.9225617336793652 0.9282144739438168 0.9337008726940677 0.9390174185076532 0.9441611334655211 0.9491288504974098 0.953916505277317 0.9585190726880934 0.9629305542113626 0.9671460445257417 0.9711436665962685 0.9749005054813404 0.9784113037473218 0.9816708539158969 0.9846740396893336 0.9879148731031651 0.9898059351215842 0.9926874588366652 0.9941497975122474 0.9965498620421042 0.9965498620421042 0.9984588992455229 0.9984588992455229 1.0 1.0
1.915e-06 0.003393 0.01712 0.03916 0.06567 0.09294 0.1291 0.1649 0.1921 0.2176 0.2462 0.2758 0.3069 0.3407 0.3765 0.4139 0.4531 0.4932 0.5342 0.5754 0.6164 0.6562 0.6941 0.73 0.7636 0.7944 0.8223 0.8475 0.8699 0.8896 0.9068 0.9218 0.9347 0.9457 0.9548 0.9625 0.9691 0.9745 0.9787 0.9823 0.9856 0.9883 0.9905 0.9923 0.9937 0.9949 0.9959 0.9968 0.9974 0.9979 0.9983 0.9986 0.9989 0.999 0.9992 0.9993 0.9994 0.9995 0.9996 0.9997 0.9997 0.9997 0.9998 0.9998 0.9998 0.9999 1.0 0.9998 0.9999 0.9999 0.9999 0.0 0.9999 0.0 1.0 0.0
0.0 0.7263655 1.210609 1.694853 2.179097 2.66334 3.147584 3.631828 4.116071 4.600315 5.084559 5.568802 6.053046 6.53729 7.021533 7.505777 7.990021 8.474264 8.958508 9.442752 9.926995 10.41124 10.89548 11.37973 11.86397 12.34821 12.83246 13.3167 13.80094 14.28519 14.76943 15.25368 15.73792 16.22216 16.70641 17.19065 17.67489 18.15914 18.64338 19.12762 19.61187 20.09611 20.58036 21.0646 21.54884 22.03309 22.51733 23.00157 23.48582 23.97006 24.45431 24.93855 25.42279 25.90704 26.39128 26.87552 27.35977 27.84401 28.32825 28.8125 29.29674 29.78099 30.26523 30.74947 31.23372 31.71796 32.2022 32.68645 33.17069 33.65493 34.13918 34.62342 35.10767 35.59191 36.07615 36.5604 37.04464 37.52888 38.01313 38.49737 38.98162 39.46586 39.9501 40.43435 40.91859 41.40283 41.88708 42.20855
0.00037577055839177145 0.015643466444189864 0.04693904083149893 0.09607474323208123 0.15916378803289355 0.22199211548847209 0.28033962087563075 0.33118207016989565 0.3749371099883364 0.4131352814334977 0.4470449455720299 0.47742415879050687 0.504783172492193 0.5294177940681369 0.5516536562374936 0.5718007864568069 0.5900964360572357 0.6067938975337398 0.6221001077113696 0.6361368234792544 0.6490031881414428 0.660881849139995 0.6719670440452858 0.6823667116787135 0.6921495306944749 0.7014016109510303 0.7102075318093272 0.7186285712900216 0.7267083291988311 0.7344928221714067 0.7420293018967706 0.749353662416267 0.7564937529726059 0.7634760424547287 0.7703270433416952 0.7770683811758885 0.7837237060185528 0.7903093108875103 0.7968300875627848 0.8032864283554476 0.8096740372171013 0.8160056037157289 0.8222932798078451 0.828548466731248 0.8347816309578504 0.8410001779645399 0.8472081616323855 0.8533688887678619 0.8594778211552436 0.8655319995097838 0.8715307263895777 0.8774753869917412 0.883367860534739 0.8892096242392714 0.8950028043344773 0.9007420634524496 0.906378672683465 0.9119114938410825 0.9173381585288348 0.9226553587410229 0.9278607696712986 0.932953655130985 0.9379333225215244 0.9427979604313041 0.9475294765392553 0.9520872153100329 0.9564676173682514 0.9606673790672232 0.9646832514900772 0.9685118772289788 0.9721508123312551 0.9755983577509332 0.9788528696561913 0.9818965434207464 0.9847078561811626 0.987283469902992 0.9893265048782578 0.9916543179757896 0.9934989917554211 0.9950878903406469 0.9968551679266113 0.9968551679266113 0.9985823576174473 0.9985823576174473 0.9999999925623634 0.9999999925623634 1.0 1.0
1.103e-05 0.003025 0.01439 0.0344 0.05841 0.08335 0.1162 0.151 0.1764 0.1998 0.2253 0.252 0.2803 0.3113 0.3446 0.3797 0.4168 0.4552 0.4948 0.5353 0.5765 0.6169 0.6559 0.6932 0.7287 0.7619 0.7925 0.8205 0.8457 0.8681 0.8878 0.905 0.9199 0.9328 0.9438 0.9532 0.9611 0.9678 0.9729 0.9773 0.9813 0.9846 0.9873 0.9896 0.9915 0.9931 0.9944 0.9954 0.9963 0.997 0.9975 0.998 0.9984 0.9987 0.999 0.9992 0.9993 0.9995 0.9996 0.9996 0.9997 0.9998 0.9998 0.9998 0.9999 0.9999 0.9999 0.9999 0.9999 0.9999 1.0 1.0 1.0 1.0 1.0 1.0 1.0 1.0 1.0 1.0 1.0 0.0 1.0 0.0 1.0 0.0 1.0 0.0
0.0 0.7263655 1.210609 1.694853 2.179097 2.66334 3.147584 3.631828 4.116071 4.600315 5.084559 5.568802 6.053046 6.53729 7.021533 7.505777 7.990021 8.474264 8.958508 9.442752 9.926995 10.41124 10.89548 11.37973 11.86397 12.34821 12.83246 13.3167 13.80094 14.28519 14.76943 15.25368 15.73792 16.22216 16.70641 17.19065 17.67489 18.15914 18.64338 19.12762 19.61187 20.09611 20.58036 21.0646 21.54884 22.03309 22.51733 23.00157 23.48582 23.97006 24.45431 24.93855 25.42279 25.90704 26.39128 26.87552 27.35977 27.84401 28.32825 28.8125 29.29674 29.78099 30.26523 30.74947 31.23372 31.71796 32.2022 32.68645 33.17069 33.65493 34.13918 34.62342 35.10767 35.59191 36.07615 36.5604 37.04464 37.52888 38.01313 38.49737 38.98162 39.46586 39.9501 40.43435 40.91859 41.40283 41.88708 42.37132 42.85556 43.33981 43.82405 44.3083 44.79254 45.27678 45.76103
0.005198384986248635 0.0220866122541562 0.05246230754202608 0.09867837044448324 0.15744968836577208 0.2153122430478982 0.2694300212494656 0.3175723631495197 0.35952460875310205 0.3962925440826397 0.42908499708504433 0.4585511183448801 0.4851650397160319 0.5091653952979298 0.5308807536394228 0.5505755678532217 0.5684754605766295 0.5848037628760073 0.5997602783753776 0.6134504387581553 0.6259728009949306 0.6375081224537834 0.6482444381825437 0.6582867866077491 0.6677055024502334 0.6765855826008401 0.6850096304239837 0.6930373675598229 0.7007129601542424 0.7080853128557522 0.7152032283573752 0.7221012986992814 0.7288033571902702 0.7353339799576879 0.7417191413755566 0.7479805239774062 0.7541410094874925 0.7602173428807691 0.7662271284712934 0.7721749008507169 0.7780567177402162 0.7838801092807461 0.7896564944868302 0.7953965883946306 0.8011101107605572 0.8068038926022267 0.8124818713434396 0.8181451927696668 0.8237926625452054 0.829413711284589 0.835001410869737 0.8405583053327966 0.8460872834125612 0.8515909376914097 0.8570722588636219 0.8625348347913295 0.8679819086300178 0.873415470939191 0.8788016773522493 0.8841348911872787 0.8894142676702457 0.8946403505637462 0.8998135913849366 0.9049344416509724 0.9100032460684997 0.9150203056489558 0.919973157547833 0.9248187275139605 0.9295555337942631 0.934182184939097 0.9386984270307497 0.9431048834541977 0.947401613440724 0.9515882586896177 0.9556644502191171 0.9596019871415684 0.9633780479350034 0.9669908284728079 0.9704385586135297 0.9737193094564588 0.9768310914130952 0.979772010538896 0.9825403321340779 0.9851345555109756 0.9875246907058931 0.9897048005109814 0.9915416844522349 0.9944446974990417 0.9944446974990417 0.9961687793461876 0.9973375606343845 0.998798860467799 0.998798860467799 1.0 1.0
5.738e-07 0.002161 0.01157 0.03022 0.05322 0.07845 0.1108 0.1431 0.1656 0.1866 0.2096 0.234 0.2599 0.2885 0.3191 0.3519 0.3865 0.4229 0.4608 0.5002 0.5405 0.5805 0.6195 0.6576 0.6942 0.729 0.7615 0.7916 0.819 0.8438 0.8661 0.8857 0.9028 0.9177 0.9307 0.9418 0.9513 0.9593 0.9656 0.9711 0.976 0.9801 0.9835 0.9864 0.9888 0.9908 0.9924 0.9938 0.9949 0.9958 0.9966 0.9972 0.9977 0.9981 0.9985 0.9988 0.999 0.9992 0.9993 0.9995 0.9996 0.9997 0.9997 0.9998 0.9998 0.9999 0.9999 0.9999 0.9999 0.9999 1.0 1.0 1.0 1.0 1.0 1.0 1.0 1.0 1.0 1.0 1.0 1.0 1.0 1.0 1.0 1.0 1.0 1.0 0.0 1.0 1.0 1.0 0.0 1.0 0.0
0.0 0.7263655 1.210609 1.694853 2.179097 2.66334 3.147584 3.631828 4.116071 4.600315 5.084559 5.568802 6.053046 6.53729 7.021533 7.505777 7.990021 8.474264 8.958508 9.442752 9.926995 10.41124 10.89548 11.37973 11.86397 12.34821 12.83246 13.3167 13.80094 14.28519 14.76943 15.25368 15.73792 16.22216 16.70641 17.19065 17.67489 18.15914 18.64338 19.12762 19.61187 20.09611 20.58036 21.0646 21.54884 22.03309 22.51733 23.00157 23.48582 23.97006 24.45431 24.93855 25.42279 25.90704 26.39128 26.87552 27.35977 27.84401 28.32825 28.8125 29.29674 29.78099 30.26523 30.74947 31.23372 31.71796 32.2022 32.68645 33.17069 33.65493 34.13918 34.62342 35.10767 35.59191 36.07615 36.5604 37.04464 37.52888 38.01313 38.49737 38.98162 39.46586 39.9501 40.43435 40.91859 41.40283 41.88708 42.37132 42.85556 43.33981 43.82405 44.3083 44.79254 45.27678 45.76103 46.24527 46.72951 47.21376 47.698 48.18224 48.66649 49.15073 49.63498 50.11922 50.60346 51.08771 51.57195 51.58822
0.003049667250709798 0.018545846284158764 0.046808774114381974 0.0913165719512176 0.14837940938935212 0.20508122622154473 0.25815673559168856 0.30536282782035545 0.3465961435422333 0.38293211095835916 0.4153468000060151 0.444537479016172 0.4709226098636702 0.4947346832229808 0.5162557646293212 0.5357638021206702 0.5534681090813891 0.5695999685807519 0.584352413157148 0.5978296945427822 0.6101277033800603 0.6214243504683962 0.6319040065675358 0.6416722716596631 0.6508006029936761 0.6593750266779599 0.6674778102103461 0.6751695423929579 0.682495641790742 0.6895054795720017 0.6962469768088395 0.7027565314008738 0.7090628397334533 0.7151927940588609 0.7211724767094284 0.7270231735454387 0.7327670627940677 0.7384201197626231 0.7439996195101908 0.7495104652048606 0.7549515122890964 0.7603334740154305 0.7656637560591086 0.7709501763300821 0.776202148329105 0.7814263260093118 0.7866264679812565 0.791803927344738 0.7969578020332236 0.8020875925152462 0.8071945015461829 0.8122754737393902 0.8173324102243351 0.8223676631637513 0.8273839872554377 0.83238455913154 0.8373723953801406 0.8423493146837658 0.8473160978634467 0.8522678708500139 0.857192475144554 0.8620912929457869 0.8669655852069305 0.8718165595331819 0.8766452712453883 0.8814526718782472 0.8862395378879516 0.891006464347424 0.8957298476673702 0.9003978397373614 0.905010876556222 0.9095702452661981 0.9140771874212276 0.9185328897722812 0.9229385138512657 0.9272952066406273 0.9316000533985043 0.9358080235455555 0.9399188522816052 0.9439323688929869 0.9478487634926474 0.9516676956232176 0.9553884242321911 0.959010248520568 0.9625325574110197 0.9659336392290606 0.969189774474697 0.9722994310897691 0.9752611415187241 0.9780733683686001 0.9807347250758394 0.9832440147048487 0.9856001557457527 0.9878022568016227 0.9898245701777122 0.9916851275050378 0.9933451069439106 0.9952386270432996 0.9952386270432996 0.9977441410873852 0.9977441410873852 0.9989930701464476 0.9989930701464476 0.9999998957026794 0.9999998957026794 0.9999998957026794 1.0 1.0
9.28e-07 0.002234 0.01145 0.02971 0.05212 0.07612 0.1074 0.1396 0.1614 0.1801 0.2019 0.2245 0.2486 0.2754 0.3044 0.3352 0.3682 0.4028 0.439 0.4769 0.5162 0.5555 0.5942 0.6323 0.6694 0.705 0.7386 0.7699 0.7989 0.8254 0.8492 0.8705 0.8894 0.9059 0.9204 0.9329 0.9436 0.9528 0.9601 0.9663 0.9721 0.9769 0.9809 0.9842 0.987 0.9893 0.9912 0.9928 0.9941 0.9952 0.9961 0.9968 0.9974 0.9979 0.9983 0.9986 0.9989 0.9991 0.9993 0.9994 0.9995 0.9996 0.9997 0.9997 0.9998 0.9998 0.9999 0.9999 0.9999 0.9999 0.9999 1.0 1.0 1.0 1.0 1.0 1.0 1.0 1.0 1.0 1.0 1.0 1.0 1.0 1.0 1.0 1.0 1.0 1.0 1.0 1.0 1.0 1.0 1.0 1.0 1.0 1.0 1.0 0.0 1.0 0.0 1.0 0.0 1.0 0.0 0.0 1.0 0.0
0.0 0.7263655 1.210609 1.694853 2.179097 2.66334 3.147584 3.631828 4.116071 4.600315 5.084559 5.568802 6.053046 6.53729 7.021533 7.505777 7.990021 8.474264 8.958508 9.442752 9.926995 10.41124 10.89548 11.37973 11.86397 12.34821 12.83246 13.3167 13.80094 14.28519 14.76943 15.25368 15.73792 16.22216 16.70641 17.19065 17.67489 18.15914 18.64338 19.12762 19.61187 20.09611 20.58036 21.0646 21.54884 22.03309 22.51733 23.00157 23.48582 23.97006 24.45431 24.93855 25.42279 25.90704 26.39128 26.87552 27.35977 27.84401 28.32825 28.8125 29.29674 29.78099 30.26523 30.74947 31.23372 31.71796 32.2022 32.68645 33.17069 33.65493 34.13918 34.62342 35.10767 35.59191 36.07615 36.5604 37.04464 37.52888 38.01313 38.49737 38.98162 39.46586 39.9501 40.43435 40.91859 41.40283 41.88708 42.37132 42.85556 43.33981 43.82405 44.3083 44.79254 45.27678 45.76103 46.24527 46.72951 47.21376 47.698 48.18224 48.66649 49.15073 49.63498 50.11922 50.60346 51.08771 51.57195 52.05619 52.54044 53.02468 53.50893 53.99317 54.47741 54.96166 55.4459 55.93014 56.27806
0.00032740665550335535 0.014268356271170212 0.04114700962489598 0.08352238859323798 0.13876305049281912 0.19442405625810524 0.2470026372061396 0.29380080952702226 0.3347670751642485 0.37081633465086666 0.40306795512873345 0.4321391286727682 0.4584336014020718 0.4821762057044049 0.5036384433244812 0.5230931769544305 0.5407412988998821 0.556802749887065 0.5714663238349682 0.5848407367103327 0.597021443718242 0.6081847384030175 0.6185153366846282 0.6281196297797808 0.6370704453265508 0.645454370577284 0.653353808234263 0.6608301898171629 0.6679301410938732 0.6747035037364987 0.6811984630327442 0.6874517064440998 0.6934924677022555 0.6993479076367871 0.7050440343887113 0.7106022211286624 0.7160441364642585 0.7213856565009468 0.726644318571804 0.7318252177539901 0.7369267848412316 0.741960290027969 0.7469361511002967 0.7518639479656505 0.7567522143939507 0.7616070722269561 0.766432145168784 0.7712288735958098 0.7759966424179204 0.7807351896164141 0.7854458712954775 0.7901304813872213 0.7947888232565382 0.7994212800028612 0.8040308253689433 0.8086205483663936 0.8131932062456182 0.8177505328826847 0.8222932736505734 0.8268212275552705 0.8313348275814704 0.8358296339409287 0.8403064423762099 0.8447663871716016 0.8492104713598796 0.8536395768930881 0.8580544496285303 0.862455644115954 0.8668436190091682 0.8712130268987694 0.8755547402349328 0.8798704778797155 0.8841618976704861 0.8884306124025816 0.8926781598012852 0.8969060209260987 0.9011155770660011 0.9053081538128354 0.9094594434833707 0.9135632874273062 0.9176201186293358 0.9216303555444658 0.9255944723248387 0.9295129876803063 0.9333864610038455 0.9372155073855698 0.9409908685084648 0.9446781719746172 0.9482771257373036 0.9517874624502702 0.9552098015625367 0.958543785643785 0.9617890974625002 0.964945444487636 0.9680125995717411 0.970965051004796 0.9737885156194501 0.9764819095009998 0.9790441593898452 0.9814741314860217 0.9837706561496677 0.9859325797235784 0.9879588885198739 0.9898466751480418 0.9915723826253836 0.9930207275663088 0.9945628703592717 0.9957798121033268 0.9968227448542929 0.997972504228274 0.997972504228274 0.9990878606919973 0.9990878606919973 0.9999999971941187 0.9999999971941187 1.0 1.0
6.566e-06 0.002049 0.009593 0.02669 0.04715 0.06887 0.09643 0.1283 0.1503 0.166 0.1858 0.2067 0.2291 0.2539 0.281 0.31 0.3412 0.3743 0.4092 0.446 0.4846 0.5236 0.5621 0.6004 0.6381 0.6745 0.7093 0.7421 0.7728 0.801 0.8267 0.8499 0.8707 0.8891 0.9053 0.9195 0.9318 0.9424 0.9509 0.9582 0.965 0.9708 0.9757 0.9798 0.9833 0.9862 0.9886 0.9906 0.9923 0.9937 0.9948 0.9958 0.9965 0.9972 0.9977 0.9981 0.9985 0.9988 0.999 0.9992 0.9993 0.9995 0.9996 0.9997 0.9997 0.9998 0.9998 0.9999 0.9999 0.9999 0.9999 0.9999 1.0 1.0 1.0 1.0 1.0 1.0 1.0 1.0 1.0 1.0 1.0 1.0 1.0 1.0 1.0 1.0 1.0 1.0 1.0 1.0 1.0 1.0 1.0 1.0 1.0 1.0 1.0 1.0 1.0 1.0 1.0 1.0 1.0 1.0 1.0 1.0 1.0 1.0 0.0 1.0 0.0 1.0 0.0 1.0 0.0
0.0 0.7263655 1.210609 1.694853 2.179097 2.66334 3.147584 3.631828 4.116071 4.600315 5.084559 5.568802 6.053046 6.53729 7.021533 7.505777 7.990021 8.474264 8.958508 9.442752 9.926995 10.41124 10.89548 11.37973 11.86397 12.34821 12.83246 13.3167 13.80094 14.28519 14.76943 15.25368 15.73792 16.22216 16.70641 17.19065 17.67489 18.15914 18.64338 19.12762 19.61187 20.09611 20.58036 21.0646 21.54884 22.03309 22.51733 23.00157 23.48582 23.97006 24.45431 24.93855 25.42279 25.90704 26.39128 26.87552 27.35977 27.84401 28.32825 28.8125 29.29674 29.78099 30.26523 30.74947 31.23372 31.71796 32.2022 32.68645 33.17069 33.65493 34.13918 34.62342 35.10767 35.59191 36.07615 36.5604 37.04464 37.52888 38.01313 38.49737 38.98162 39.46586 39.9501 40.43435 40.91859 41.40283 41.88708 42.37132 42.85556 43.33981 43.82405 44.3083 44.79254 45.27678 45.76103 46.24527 46.72951 47.21376 47.698 48.18224 48.66649 49.15073 49.63498 50.11922 50.60346 51.08771 51.57195 52.05619 52.54044 53.02468 53.50893 53.99317 54.47741 54.96166 55.4459 55.93014 56.41439 56.89863 57.38287 57.86712 58.35136 58.83561 59.31985 59.80409 60.28834 60.77258 60.9679
0.001478574881738278 0.01498899753422829 0.04140415861971032 0.08292847228037535 0.13670544439246926 0.19051478789484888 0.24144554913022254 0.2870615871389321 0.32717217240318347 0.36258661875621795 0.39437178157869174 0.4231044386016217 0.449152828927557 0.47272630046972247 0.4940905990814843 0.5134781542527036 0.531082220275776 0.5471056707858691 0.5617332601624205 0.5750639925227259 0.5871915607499865 0.5982894280051717 0.608539460441879 0.6180472430678248 0.626886173649067 0.6351434659447328 0.6429016233859024 0.6502227573661822 0.6571551002878946 0.663749118566973 0.670053815122365 0.6761068435023516 0.6819383216995417 0.6875762403052962 0.6930470198016264 0.6983725302610414 0.7035744818375052 0.70866907476421 0.7136747772100751 0.7185969101012282 0.7234340370783756 0.7281973190021414 0.7328969247535694 0.7375421073165838 0.7421410462824514 0.7466996334380449 0.751221426728686 0.7557079148506463 0.7601587081841984 0.7645736695870753 0.7689539432037746 0.7733018318613422 0.7776198210816456 0.7819100067668255 0.7861747726724032 0.7904167656925962 0.7946384311273353 0.798841368162069 0.8030262755923777 0.8071928597496612 0.8113414191485363 0.8154728444868377 0.8195856732367824 0.8236798598458156 0.8277566192102762 0.8318169433097435 0.8358615101019276 0.8398908361721882 0.843905316470871 0.84790523400534 0.8518907055645932 0.8558582740004526 0.8598094372166211 0.8637456228495626 0.8676681877839 0.8715784123371951 0.8754775366050728 0.879366744953968 0.8832471965510301 0.8871114154465892 0.8909543346457826 0.8947767794252219 0.8985795847535518 0.902363616129321 0.9061297390510781 0.909878829678608 0.9136117380032068 0.9173283680737474 0.9210013001596138 0.9246308332600246 0.9282174180545155 0.931761661748955 0.9352642122557505 0.9387257581938481 0.9421469978742268 0.9455286751604208 0.9488526896961643 0.9520983136150399 0.9552655168717451 0.9583542689363759 0.9613649288987557 0.9642969758121097 0.967149923620982 0.9699233323070734 0.9726168267887061 0.975198437410363 0.9776642316296466 0.9800131510765508 0.9822441533729247 0.9843562009866331 0.9863483523366687 0.9882197923230543 0.9899698425034784 0.9915902728881024 0.9930660501645094 0.9943750091377853 0.9955212146465785 0.996319443701655 0.9974692478623084 0.9982450083618372 0.9992087497185955 0.9992087497185955 0.9999999937254748 0.9999999937254748 0.9999999937254748 1.0 1.0
1.13e-06 0.001776 0.008123 0.02357 0.04261 0.06355 0.09086 0.1199 0.1388 0.1543 0.1723 0.1914 0.212 0.2349 0.2598 0.2868 0.3159 0.3471 0.3802 0.4155 0.4528 0.4909 0.5288 0.5667 0.6046 0.6416 0.6772 0.7113 0.7435 0.7734 0.801 0.8262 0.849 0.8694 0.8875 0.9036 0.9176 0.9298 0.9396 0.9482 0.9563 0.9632 0.9691 0.9741 0.9784 0.982 0.985 0.9875 0.9897 0.9915 0.993 0.9942 0.9952 0.9961 0.9968 0.9974 0.9979 0.9983 0.9986 0.9988 0.9991 0.9992 0.9994 0.9995 0.9996 0.9997 0.9997 0.9998 0.9998 0.9999 0.9999 0.9999 0.9999 0.9999 1.0 1.0 1.0 1.0 1.0 1.0 1.0 1.0 1.0 1.0 1.0 1.0 1.0 1.0 1.0 1.0 1.0 1.0 1.0 1.0 1.0 1.0 1.0 1.0 1.0 1.0 1.0 1.0 1.0 1.0 1.0 1.0 1.0 1.0 1.0 1.0 1.0 1.0 1.0 1.0 1.0 1.0 1.0 1.0 1.0 1.0 1.0 0.0 1.0 0.0 0.0 1.0 0.0
0.0 1.452731 2.421218 3.389706 4.358193 5.32668 6.295168 7.263655 8.232142 9.20063 10.16912 11.1376 12.10609 13.07458 14.04307 15.01155 15.98004 16.94853 17.91702 18.8855 19.85399 20.82248 21.79097 22.75945 23.72794 24.69643 25.66491 26.6334 27.60189 28.57038 29.53886 30.50735 31.47584 32.44433 33.41281 34.3813 35.34979 36.31828 37.28676 38.25525 39.22374 40.19222 41.16071 42.1292 43.09769 44.06617 45.03466 46.00315 46.97164 47.94012 48.90861 49.8771 50.84559 51.81407 52.78256 53.75105 54.71953 55.68802 56.65651 57.625 58.59348 59.56197 60.53046 61.49895 62.46743 63.43592 64.40441 65.3729 65.65774
0.019973505940292614 0.0996916468629616 0.20338495353982622 0.2933248795689806 0.364517862615069 0.4228041010850593 0.4709126498735106 0.510526236565508 0.5432411194567552 0.5703949315023205 0.5929122387317901 0.6121087339852909 0.6286830186935428 0.6432848450077221 0.6563522326991481 0.6682720829298301 0.6793083813538182 0.6896764795406832 0.6995461859591634 0.7090446212244016 0.7182008777527411 0.7270981587593855 0.7358002549084409 0.7443378305183777 0.7527147180176551 0.7609409122388398 0.7690345590166294 0.7770133904243038 0.7848940361495184 0.7926810720218627 0.8003777230328196 0.8079926654561088 0.8155328119440838 0.8230030063420047 0.8304059786927075 0.8377468496605572 0.8450240326710363 0.8522475538578116 0.8594264905399491 0.8665689418771331 0.8736660046626672 0.880717451963575 0.8877293023945345 0.8947075931552525 0.9016351996094258 0.9084885050769324 0.9152748154301971 0.9220015695713212 0.9286592167520975 0.9351643160645927 0.9415197628605777 0.9477280504683174 0.9537920947809302 0.959586571083899 0.9650931907312559 0.9703110665324414 0.9752374273619256 0.9797948294069473 0.9839284673754848 0.9876317768399244 0.9908994630235309 0.9937030859422685 0.9958387140373531 0.9978086879065953 0.9984963955762765 0.9993466234491396 0.9999999859865952 1.0 1.0
0.00137 0.02151 0.05919 0.111 0.1403 0.1729 0.2114 0.2587 0.3145 0.3787 0.4512 0.5255 0.6007 0.6724 0.7379 0.7949 0.8426 0.8813 0.9117 0.9334 0.9516 0.9652 0.9752 0.9824 0.9877 0.9914 0.994 0.9959 0.9972 0.9981 0.9987 0.9991 0.9994 0.9996 0.9997 0.9998 0.9999 0.9999 1.0 1.0 1.0 1.0 1.0 1.0 1.0 1.0 1.0 1.0 1.0 1.0 1.0 1.0 1.0 1.0 1.0 1.0 1.0 1.0 1.0 1.0 1.0 1.0 1.0 1.0 1.0 1.0 1.0 1.0 0.0
0.0 1.452731 2.421218 3.389706 4.358193 5.32668 6.295168 7.263655 8.232142 9.20063 10.16912 11.1376 12.10609 13.07458 14.04307 15.01155 15.98004 16.94853 17.91702 18.8855 19.85399 20.82248 21.79097 22.75945 23.72794 24.69643 25.66491 26.6334 27.60189 28.57038 29.53886 30.50735 31.47584 32.44433 33.41281 34.3813 35.34979 36.31828 37.28676 38.25525 39.22374 40.19222 41.16071 42.1292 43.09769 44.06617 45.03466 46.00315 46.97164 47.94012 48.90861 49.8771 50.84559 51.81407 52.78256 53.75105 54.71953 55.68802 56.65651 57.625 58.59348 59.56197 60.53046 61.49895 62.46743 63.43592 64.40441 65.3729 66.34138 67.30987 68.27836 69.24684 70.21533 70.34758
0.016771646892746263 0.09260269312281418 0.197419785247875 0.28801759790728987 0.35989798758273744 0.4189124531433915 0.4677456339292378 0.5080601675717824 0.5413504512829154 0.5689478374143948 0.5917552692805788 0.611089606356769 0.6276662146809803 0.6421523232372833 0.6550067526650225 0.6666367781844477 0.6773253331673995 0.6873001823475103 0.6967401740705462 0.7057843745176885 0.714463676759081 0.7228632401164286 0.7310491468326833 0.7390548975238205 0.7468884730379802 0.7545623808056731 0.7620953482796565 0.769504860666135 0.7768067263337871 0.784005490420553 0.7911041960398448 0.798110463671109 0.8050301930088655 0.8118672777929005 0.818623570650346 0.8253047866966345 0.8319204810734947 0.8384792147347682 0.8449887116804476 0.8514559185298212 0.8578831225009925 0.8642667941293045 0.870612502038851 0.8769256722688227 0.8832115736243733 0.8894586215704271 0.8956704705775838 0.9018534461418547 0.9080139567710096 0.9141303031913303 0.9201878460350217 0.9261908521064799 0.9321435852802742 0.9380206302857241 0.9437591892156947 0.9493607933929814 0.9548276060063545 0.9601574228494688 0.965228092607735 0.9700385800756917 0.9745879857965184 0.9788748487632627 0.9828150956433448 0.9863783314371729 0.9895602180478992 0.9923573910577749 0.9947353556629385 0.9971060630871759 0.9979954461866014 0.9993845805820528 0.9999999848368768 0.9999999848368768 1.0 1.0
0.001499 0.02067 0.05342 0.1006 0.1271 0.1563 0.1907 0.2328 0.2833 0.3419 0.4092 0.4799 0.5532 0.6253 0.6933 0.7543 0.8071 0.8512 0.8868 0.9127 0.9351 0.9522 0.9651 0.9747 0.9818 0.987 0.9908 0.9935 0.9954 0.9968 0.9978 0.9985 0.9989 0.9993 0.9995 0.9997 0.9998 0.9999 0.9999 0.9999 1.0 1.0 1.0 1.0 1.0 1.0 1.0 1.0 1.0 1.0 1.0 1.0 1.0 1.0 1.0 1.0 1.0 1.0 1.0 1.0 1.0 1.0 1.0 1.0 1.0 1.0 1.0 1.0 1.0 1.0 1.0 0.0 1.0 0.0
0.0 1.452731 2.421218 3.389706 4.358193 5.32668 6.295168 7.263655 8.232142 9.20063 10.16912 11.1376 12.10609 13.07458 14.04307 15.01155 15.98004 16.94853 17.91702 18.8855 19.85399 20.82248 21.79097 22.75945 23.72794 24.69643 25.66491 26.6334 27.60189 28.57038 29.53886 30.50735 31.47584 32.44433 33.41281 34.3813 35.34979 36.31828 37.28676 38.25525 39.22374 40.19222 41.16071 42.1292 43.09769 44.06617 45.03466 46.00315 46.97164 47.94012 48.90861 49.8771 50.84559 51.81407 52.78256 53.75105 54.71953 55.68802 56.65651 57.625 58.59348 59.56197 60.53046 61.49895 62.46743 63.43592 64.40441 65.3729 66.34138 67.30987 68.27836 69.24684 70.21533 71.18382 72.15231 73.12079 74.08928
0.013907877032890295 0.08767060797039421 0.19275098890987324 0.2831551055378674 0.3548546272532354 0.41375056472920047 0.4625595455280692 0.5029469662554551 0.5363509967576809 0.5640452869055662 0.5869000956827503 0.6062245905504966 0.6227316198863626 0.6370930727379052 0.6497745689172413 0.6611908118884082 0.6716325933899691 0.6813349575619114 0.6904826641400924 0.6992247504732748 0.707593788981031 0.7156774238525633 0.7235419311847018 0.7312214973896649 0.7387252290918229 0.746064790923227 0.7532581142934178 0.7603221661172374 0.7672719433607988 0.7741121514709416 0.7808459764984064 0.7874805863259434 0.7940213788081135 0.8004718023304138 0.8068332914446166 0.8131107203109919 0.8193123675903106 0.8254455591513101 0.8315167928991282 0.8375318119169645 0.8434956980874054 0.8494133148432774 0.8552893998137509 0.8611286574704426 0.8669356996388669 0.872710368333036 0.8784522978446464 0.8841673980198843 0.8898614967862754 0.8955399169062753 0.9011892237196439 0.9068131367236341 0.9124152827693953 0.9179992877328547 0.9235360071002724 0.9290174333226332 0.9344470674474301 0.9398282525361689 0.9451237624092116 0.9502890479438495 0.9553254286156417 0.9602351893700692 0.9649988784262702 0.9695243138864111 0.9738118107472442 0.9778608443392566 0.9816706598405097 0.9851506990980381 0.9882894554657778 0.991083795554984 0.9935315494963887 0.9957456821469118 0.9974260961983034 0.9987544228737854 0.9994507334342442 1.0 1.0
0.001561 0.01873 0.04789 0.09172 0.116 0.1428 0.1743 0.2128 0.2592 0.3137 0.3772 0.4449 0.5164 0.5881 0.6572 0.7207 0.777 0.8249 0.8645 0.8937 0.9197 0.9399 0.9554 0.9671 0.9759 0.9825 0.9873 0.9909 0.9934 0.9953 0.9967 0.9977 0.9983 0.9988 0.9992 0.9994 0.9996 0.9997 0.9998 0.9999 0.9999 0.9999 1.0 1.0 1.0 1.0 1.0 1.0 1.0 1.0 1.0 1.0 1.0 1.0 1.0 1.0 1.0 1.0 1.0 1.0 1.0 1.0 1.0 1.0 1.0 1.0 1.0 1.0 1.0 1.0 1.0 1.0 1.0 1.0 1.0 1.0 1.0
0.0 1.452731 2.421218 3.389706 4.358193 5.32668 6.295168 7.263655 8.232142 9.20063 10.16912 11.1376 12.10609 13.07458 14.04307 15.01155 15.98004 16.94853 17.91702 18.8855 19.85399 20.82248 21.79097 22.75945 23.72794 24.69643 25.66491 26.6334 27.60189 28.57038 29.53886 30.50735 31.47584 32.44433 33.41281 34.3813 35.34979 36.31828 37.28676 38.25525 39.22374 40.19222 41.16071 42.1292 43.09769 44.06617 45.03466 46.00315 46.97164 47.94012 48.90861 49.8771 50.84559 51.81407 52.78256 53.75105 54.71953 55.68802 56.65651 57.625 58.59348 59.56197 60.53046 61.49895 62.46743 63.43592 64.40441 65.3729 66.34138 67.30987 68.27836 69.24684 70.21533 71.18382 72.15231 73.12079 74.08928 75.05777 76.02626 76.99474 77.96323 78.93172
0.013597994364110716 0.08656970691675586 0.18970220259440274 0.27915952695330015 0.35017187117659004 0.40884049524714083 0.45757460724482024 0.4980268568274587 0.5315557436603929 0.5593608599130977 0.5822911520865995 0.6016404043126994 0.6181191028579486 0.6323985555929748 0.6449491665383261 0.6561914062736531 0.6664236078506461 0.6758883662760427 0.6847770238431664 0.6932492895571242 0.7013381969096311 0.709134365198935 0.7167064170723715 0.7240913769916537 0.7313016742005058 0.7383518148461693 0.7452601254082708 0.7520424517830809 0.7587122148626231 0.7652727874212005 0.7717250743256977 0.7780751951284495 0.7843277892223829 0.7904857194191066 0.7965502318607308 0.8025257211970921 0.8084196155272483 0.8142384176068593 0.8199878208817641 0.825672773842737 0.8312976087350015 0.8368663799082405 0.8423830461550736 0.847851470711057 0.8532754524569902 0.8586594728241241 0.8640087240712515 0.8693283370276247 0.8746234620239373 0.8798991431080267 0.8851531883178714 0.8903850233360198 0.8955980960173247 0.9007957050306116 0.9059778718274663 0.9111334328077162 0.9162653356142401 0.9213763475015836 0.9264691401672288 0.9315097108978191 0.9364965805090187 0.9414329521125899 0.9463220180945021 0.951117666321315 0.9557919707288355 0.9603465908897334 0.9647837304668954 0.9690693867469649 0.9731361627482032 0.9769849516366297 0.9806153068292348 0.9840205549327455 0.9871174842714585 0.989903349042414 0.9923755945567786 0.9945327738075951 0.996187305354528 0.997699017119744 0.9988926613495687 0.9995076822096658 1.0 1.0
0.001399 0.01688 0.04425 0.08499 0.1075 0.1317 0.1606 0.1958 0.2384 0.289 0.3486 0.413 0.4821 0.5526 0.622 0.6871 0.746 0.7974 0.8407 0.8731 0.9026 0.926 0.9442 0.9582 0.9689 0.977 0.9831 0.9876 0.991 0.9935 0.9953 0.9966 0.9976 0.9983 0.9988 0.9991 0.9994 0.9996 0.9997 0.9998 0.9999 0.9999 0.9999 1.0 1.0 1.0 1.0 1.0 1.0 1.0 1.0 1.0 1.0 1.0 1.0 1.0 1.0 1.0 1.0 1.0 1.0 1.0 1.0 1.0 1.0 1.0 1.0 1.0 1.0 1.0 1.0 1.0 1.0 1.0 1.0 1.0 1.0 1.0 1.0 1.0 1.0 1.0
0.0 1.452731 2.421218 3.389706 4.358193 5.32668 6.295168 7.263655 8.232142 9.20063 10.16912 11.1376 12.10609 13.07458 14.04307 15.01155 15.98004 16.94853 17.91702 18.8855 19.85399 20.82248 21.79097 22.75945 23.72794 24.69643 25.66491 26.6334 27.60189 28.57038 29.53886 30.50735 31.47584 32.44433 33.41281 34.3813 35.34979 36.31828 37.28676 38.25525 39.22374 40.19222 41.16071 42.1292 43.09769 44.06617 45.03466 46.00315 46.97164 47.94012 48.90861 49.8771 50.84559 51.81407 52.78256 53.75105 54.71953 55.68802 56.65651 57.625 58.59348 59.56197 60.53046 61.49895 62.46743 63.43592 64.40441 65.3729 66.34138 67.30987 68.27836 69.24684 70.21533 71.18382 72.15231 73.12079 74.08928 75.05777 76.02626 76.99474 77.96323 78.93172 79.90021 80.86869 81.83718 82.80567 83.77415 84.41709
0.018867819639310952 0.09062078370866207 0.18686810609526625 0.27312295810590376 0.3428871613241182 0.40106713662551 0.44970586388554123 0.49024671688177757 0.5239721818181611 0.5520022051405327 0.5751376661658298 0.5946516854605436 0.6112358439838844 0.6255612708020067 0.6381005200041285 0.6492808719142943 0.6594103367345212 0.6687384911056482 0.6774630164563207 0.6857542686481285 0.693644992217688 0.7012305055002264 0.7085831995940707 0.715743951889486 0.7227288413675954 0.7295548278487015 0.7362415713504599 0.7428057823990659 0.7492614058225572 0.7556125671940073 0.7618614759435454 0.7680133252095996 0.7740713704799269 0.7800369383902288 0.785909616383198 0.7916910810839104 0.7973877984971784 0.8030052325632645 0.8085482606480602 0.8140213250747992 0.8194282894133361 0.824772746431691 0.8300581686501378 0.8352879093188287 0.8404652229478969 0.8455939955925478 0.8506787125914685 0.8557238152902689 0.8607336697575143 0.8657125970910682 0.8706643523445268 0.8755920609816614 0.8804987164870103 0.8853872351128192 0.890260361049519 0.8951136852130903 0.8999474148598109 0.9047641954400921 0.9095664211549901 0.914350793501294 0.9191088325688526 0.9238431730542138 0.9285564389000622 0.9332491511799638 0.9378885546034388 0.9424771753507766 0.9470178759049058 0.9515135627418332 0.9559100999352692 0.9601931721376987 0.964364532228866 0.9684263036079928 0.9723318389482549 0.9760338828407303 0.9795332398699309 0.9828291269590718 0.9859028851774234 0.9886910716186825 0.9911917916476319 0.993403498663181 0.9953257801080225 0.9968157787270618 0.9979181269641599 0.9990049084950855 0.9995551484939492 0.9999999967203943 1.0 1.0
0.0009008 0.01557 0.04362 0.08184 0.1017 0.1235 0.1498 0.1821 0.2214 0.2683 0.3242 0.385 0.4512 0.5198 0.5886 0.6543 0.7152 0.7692 0.8157 0.851 0.8839 0.9104 0.9315 0.948 0.9608 0.9706 0.9781 0.9837 0.988 0.9911 0.9935 0.9952 0.9965 0.9975 0.9982 0.9987 0.9991 0.9993 0.9995 0.9997 0.9998 0.9998 0.9999 0.9999 0.9999 1.0 1.0 1.0 1.0 1.0 1.0 1.0 1.0 1.0 1.0 1.0 1.0 1.0 1.0 1.0 1.0 1.0 1.0 1.0 1.0 1.0 1.0 1.0 1.0 1.0 1.0 1.0 1.0 1.0 1.0 1.0 1.0 1.0 1.0 1.0 1.0 1.0 1.0 1.0 1.0 1.0 1.0 0.0
0.0 1.452731 2.421218 3.389706 4.358193 5.32668 6.295168 7.263655 8.232142 9.20063 10.16912 11.1376 12.10609 13.07458 14.04307 15.01155 15.98004 16.94853 17.91702 18.8855 19.85399 20.82248 21.79097 22.75945 23.72794 24.69643 25.66491 26.6334 27.60189 28.57038 29.53886 30.50735 31.47584 32.44433 33.41281 34.3813 35.34979 36.31828 37.28676 38.25525 39.22374 40.19222 41.16071 42.1292 43.09769 44.06617 45.03466 46.00315 46.97164 47.94012 48.90861 49.8771 50.84559 51.81407 52.78256 53.75105 54.71953 55.68802 56.65651 57.625 58.59348 59.56197 60.53046 61.49895 62.46743 63.43592 64.40441 65.3729 66.34138 67.30987 68.27836 69.24684 70.21533 71.18382 72.15231 73.12079 74.08928 75.05777 76.02626 76.99474 77.96323 78.93172 79.90021 80.86869 81.83718 82.80567 83.77415 84.74264 85.71113 86.67962 87.6481 88.61659 89.10693
0.018054019053702363 0.08919142892924027 0.18504052957091865 0.2707439612137196 0.34034237084368296 0.3985422929989494 0.44733669029259227 0.4880511945986364 0.5219661725031606 0.550177040065544 0.5734410038567097 0.5930301240087736 0.6096290184573252 0.6239133439399729 0.6363618844631153 0.6474090480243935 0.6573665318656757 0.6664901132035248 0.6749826923230379 0.6830250049584504 0.6906494179405499 0.6979570129962208 0.705022776882917 0.7118904572505845 0.7185794892470356 0.7251095054205182 0.7315021162325531 0.7377756095630763 0.7439450709097133 0.7500157040215643 0.7559904044307574 0.7618744530875532 0.7676711833230653 0.7733820492553521 0.7790067880095765 0.7845476735996643 0.7900094612262016 0.7953959220192877 0.8007101059133711 0.8059545380704568 0.8111307488325336 0.8162415799840863 0.8212896768863949 0.8262777943504851 0.8312088181361864 0.8360861920015886 0.8409139059762837 0.845695861161944 0.8504358843907717 0.8551377360433373 0.8598046194791805 0.8644391458565351 0.8690438090660497 0.8736209691178796 0.8781728668001348 0.8827019080527748 0.8872105623357013 0.8917010929133113 0.8961756086476818 0.9006357170819617 0.9050761607194078 0.9094979666286218 0.9139035944972066 0.9182953945630185 0.9226682510276464 0.9270167519920264 0.9313431831968431 0.9356498616541369 0.939931814241059 0.9441643141100078 0.948349743747426 0.9524906615411337 0.9565894617043322 0.9605856292768297 0.9644760595993042 0.9682620093893785 0.9719452611143499 0.9754693875666065 0.9788053444969461 0.9819541267253844 0.9849156140526465 0.9876618987478777 0.9901474751245822 0.9923714021103875 0.9943330904356772 0.9960280467974724 0.9973773041810262 0.9981274707879083 0.9991128859433072 0.9996049759117238 0.9999999956819046 1.0 1.0
0.0008388 0.01418 0.04004 0.07588 0.09398 0.1139 0.1379 0.1676 0.2037 0.2472 0.2995 0.3569 0.4204 0.4871 0.5552 0.6213 0.6835 0.7399 0.7894 0.8273 0.8635 0.8933 0.9173 0.9364 0.9514 0.9631 0.9721 0.979 0.9843 0.9883 0.9913 0.9935 0.9952 0.9965 0.9974 0.9981 0.9986 0.999 0.9993 0.9995 0.9996 0.9997 0.9998 0.9999 0.9999 0.9999 1.0 1.0 1.0 1.0 1.0 1.0 1.0 1.0 1.0 1.0 1.0 1.0 1.0 1.0 1.0 1.0 1.0 1.0 1.0 1.0 1.0 1.0 1.0 1.0 1.0 1.0 1.0 1.0 1.0 1.0 1.0 1.0 1.0 1.0 1.0 1.0 1.0 1.0 1.0 1.0 1.0 1.0 1.0 1.0 1.0 1.0 0.0
0.0 1.452731 2.421218 3.389706 4.358193 5.32668 6.295168 7.263655 8.232142 9.20063 10.16912 11.1376 12.10609 13.07458 14.04307 15.01155 15.98004 16.94853 17.91702 18.8855 19.85399 20.82248 21.79097 22.75945 23.72794 24.69643 25.66491 26.6334 27.60189 28.57038 29.53886 30.50735 31.47584 32.44433 33.41281 34.3813 35.34979 36.31828 37.28676 38.25525 39.22374 40.19222 41.16071 42.1292 43.09769 44.06617 45.03466 46.00315 46.97164 47.94012 48.90861 49.8771 50.84559 51.81407 52.78256 53.75105 54.71953 55.68802 56.65651 57.625 58.59348 59.56197 60.53046 61.49895 62.46743 63.43592 64.40441 65.3729 66.34138 67.30987 68.27836 69.24684 70.21533 71.18382 72.15231 73.12079 74.08928 75.05777 76.02626 76.99474 77.96323 78.93172 79.90021 80.86869 81.83718 82.80567 83.77415 84.74264 85.71113 86.67962 87.6481 88.61659 89.58508 90.55357 91.52205 92.49054 93.45903
0.01595105216092118 0.08548595433065997 0.1816958362459378 0.26786452362635577 0.33783768619525145 0.3965109075729838 0.4459015093384938 0.48719903451353186 0.521630122157555 0.5502707818927014 0.5738678838655007 0.5937064348221064 0.6104699780678369 0.6248398506699786 0.6373010930836596 0.6482971005806243 0.6581486757901127 0.6671201045517073 0.6754217809481067 0.6832470622185868 0.6906291932464134 0.6976718467186493 0.7044543788696412 0.7110248300444304 0.7174068577529585 0.7236240287174958 0.729701975323886 0.7356605693338016 0.7415160744311423 0.7472751220207539 0.752941971313492 0.7585229442551512 0.7640223781535083 0.7694425339144405 0.7747836438762893 0.7800479913977966 0.7852399567400462 0.7903630054539295 0.7954199060753128 0.8004129429391498 0.8053438712737508 0.8102141134192986 0.8150249384507673 0.8197775490607477 0.8244731264651775 0.8291132589601973 0.8337012012350101 0.838240053737399 0.842733082871105 0.8471836321605796 0.8515945482386108 0.8559680929872873 0.8603064179767959 0.8646115195596923 0.8688852857290535 0.8731297235757616 0.8773468753343134 0.8815385938541714 0.8857065240517443 0.8898521439112713 0.8939772291615048 0.8980839216105164 0.9021743054698984 0.9062504561653394 0.9103136974396584 0.9143588094898657 0.9183875036147533 0.9224018981933165 0.9264040666988209 0.9303870916964457 0.9343481372917293 0.9382891568839206 0.9422120257753466 0.9461067807512488 0.9499551939901518 0.9537589416472333 0.9575200112891449 0.9612345175940427 0.9648494552051016 0.9683658940501458 0.9717853345662799 0.9751098404646538 0.978276055617711 0.9812709153866981 0.9840959104466042 0.9867519223164303 0.989203665830837 0.9914200808679372 0.9933997655879904 0.9951414948455406 0.996634202306813 0.9978253668158957 0.9987475401458764 0.9992139925574788 0.9996572706838411 1.0 1.0
0.0008858 0.01349 0.03702 0.07004 0.08686 0.1051 0.1268 0.1539 0.187 0.2269 0.2753 0.3288 0.3886 0.4523 0.5184 0.5839 0.6468 0.7051 0.7574 0.7982 0.8381 0.8714 0.8988 0.921 0.9388 0.9529 0.964 0.9725 0.9791 0.9842 0.9881 0.9911 0.9933 0.995 0.9963 0.9972 0.998 0.9985 0.9989 0.9992 0.9994 0.9996 0.9997 0.9998 0.9998 0.9999 0.9999 0.9999 1.0 1.0 1.0 1.0 1.0 1.0 1.0 1.0 1.0 1.0 1.0 1.0 1.0 1.0 1.0 1.0 1.0 1.0 1.0 1.0 1.0 1.0 1.0 1.0 1.0 1.0 1.0 1.0 1.0 1.0 1.0 1.0 1.0 1.0 1.0 1.0 1.0 1.0 1.0 1.0 1.0 1.0 1.0 1.0 1.0 1.0 1.0 1.0 1.0
0.0 1.452731 2.421218 3.389706 4.358193 5.32668 6.295168 7.263655 8.232142 9.20063 10.16912 11.1376 12.10609 13.07458 14.04307 15.01155 15.98004 16.94853 17.91702 18.8855 19.85399 20.82248 21.79097 22.75945 23.72794 24.69643 25.66491 26.6334 27.60189 28.57038 29.53886 30.50735 31.47584 32.44433 33.41281 34.3813 35.34979 36.31828 37.28676 38.25525 39.22374 40.19222 41.16071 42.1292 43.09769 44.06617 45.03466 46.00315 46.97164 47.94012 48.90861 49.8771 50.84559 51.81407 52.78256 53.75105 54.71953 55.68802 56.65651 57.625 58.59348 59.56197 60.53046 61.49895 62.46743 63.43592 64.40441 65.3729 66.34138 67.30987 68.27836 69.24684 70.21533 71.18382 72.15231 73.12079 74.08928 75.05777 76.02626 76.99474 77.96323 78.93172 79.90021 80.86869 81.83718 82.80567 83.77415 84.74264 85.71113 86.67962 87.6481 88.61659 89.58508 90.55357 91.52205 92.49054 93.45903 94.42752 95.396 96.36449 97.33298 98.30146 99.26995 100.2384 101.2069 102.1754
0.013015247977830362 0.07949089618844873 0.17593917827529043 0.26133097462261423 0.33105315071046937 0.3897365042510503 0.43933849126425834 0.48105029520979614 0.515960210477757 0.5450875845715131 0.569114097787306 0.5893034579503421 0.6063246146013056 0.6208542181207665 0.6333788738583992 0.64434993876258 0.65409795432657 0.6628977420805051 0.6709698423812269 0.678527610409527 0.6856018407518385 0.6923034839899037 0.6987183079842496 0.7049006251014458 0.7108805816926692 0.7166862789999728 0.7223453708368642 0.7278806507146148 0.7333106103968481 0.7386442111267372 0.7438875979795527 0.7490482125010778 0.7541312503212604 0.7591397508348805 0.7640747307477611 0.7689403358411723 0.7737416710896051 0.7784823461399072 0.7831652220003144 0.787792521191705 0.7923659427728033 0.7968869391804989 0.8013568283306812 0.8057767721728619 0.8101477552447987 0.814471072067424 0.8187483661364402 0.8229812234349476 0.8271712650384817 0.831320144190643 0.8354290784039656 0.8394987383338722 0.8435296601147854 0.8475223574609606 0.8514770769942323 0.8553946560590893 0.8592764691092326 0.8631237122118192 0.8669376028793827 0.8707192582211016 0.8744700195478219 0.8781915176829772 0.881885305466813 0.8855528587311756 0.8891955733751431 0.8928149359532502 0.8964125217259092 0.8999898611131983 0.9035484845351963 0.9070898902439161 0.9106156759199364 0.9141274499665247 0.9176266765180491 0.9211146851878769 0.9245900118416401 0.9280494055551594 0.9314942290846572 0.9349258344636682 0.9383455288853929 0.9417431335941248 0.9451195307746858 0.9484763190824449 0.9518153418450251 0.9551200286096148 0.9583841007547323 0.9616102165323234 0.9648010809842462 0.9679375307166642 0.9709903259329696 0.9739599910701061 0.9768474317078529 0.9796449606533824 0.9822949561285541 0.9847982905702918 0.9871555332558729 0.9893672544373651 0.9913855197982457 0.9932021391541201 0.9948168678327337 0.9962298169601306 0.9974213991088853 0.9985297819683914 0.9992878234030217 0.9996868857998362 1.0 1.0
0.0008893 0.01181 0.03153 0.0611 0.07544 0.09101 0.1095 0.1325 0.1607 0.195 0.2371 0.2843 0.3379 0.3962 0.4584 0.5218 0.5847 0.6449 0.7006 0.7453 0.7906 0.8298 0.863 0.8906 0.9134 0.9319 0.9468 0.9586 0.9679 0.9752 0.9809 0.9854 0.9888 0.9915 0.9935 0.9951 0.9963 0.9972 0.9979 0.9984 0.9988 0.9991 0.9993 0.9995 0.9996 0.9997 0.9998 0.9998 0.9999 0.9999 0.9999 1.0 1.0 1.0 1.0 1.0 1.0 1.0 1.0 1.0 1.0 1.0 1.0 1.0 1.0 1.0 1.0 1.0 1.0 1.0 1.0 1.0 1.0 1.0 1.0 1.0 1.0 1.0 1.0 1.0 1.0 1.0 1.0 1.0 1.0 1.0 1.0 1.0 1.0 1.0 1.0 1.0 1.0 1.0 1.0 1.0 1.0 1.0 1.0 1.0 1.0 1.0 1.0 1.0 1.0 0.0
0.0 1.452731 2.421218 3.389706 4.358193 5.32668 6.295168 7.263655 8.232142 9.20063 10.16912 11.1376 12.10609 13.07458 14.04307 15.01155 15.98004 16.94853 17.91702 18.8855 19.85399 20.82248 21.79097 22.75945 23.72794 24.69643 25.66491 26.6334 27.60189 28.57038 29.53886 30.50735 31.47584 32.44433 33.41281 34.3813 35.34979 36.31828 37.28676 38.25525 39.22374 40.19222 41.16071 42.1292 43.09769 44.06617 45.03466 46.00315 46.97164 47.94012 48.90861 49.8771 50.84559 51.81407 52.78256 53.75105 54.71953 55.68802 56.65651 57.625 58.59348 59.56197 60.53046 61.49895 62.46743 63.43592 64.40441 65.3729 66.34138 67.30987 68.27836 69.24684 70.21533 71.18382 72.15231 73.12079 74.08928 75.05777 76.02626 76.99474 77.96323 78.93172 79.90021 80.86869 81.83718 82.80567 83.77415 84.74264 85.71113 86.67962 87.6481 88.61659 89.58508 90.55357 91.52205 92.49054 93.45903 94.42752 95.396 96.36449 97.33298 98.30146 99.26995 100.2384 101.2069 102.1754 103.1439 104.1124 105.0809 106.0494 107.0179 107.9863 108.9548 109.9233 110.8918 111.8603
0.012269000018602818 0.07749344357975817 0.17036577573788625 0.2543413807995438 0.3231051825378348 0.3815084999188609 0.43114400709405004 0.4731440874239868 0.5084967139654619 0.5381146241507324 0.5626212670787877 0.5832416650277673 0.6006221564221405 0.6154288216077993 0.6281441488568317 0.639223839401843 0.6490041587741167 0.6577683782109287 0.6657456287276319 0.6731680796076436 0.6800626854921485 0.6865474282351461 0.6927144410257996 0.6986240819142951 0.7043124242437262 0.7098126151483987 0.7151562514468741 0.7203692938632663 0.7254727130733375 0.7304779498421134 0.7353932400392815 0.7402274685039105 0.74498703041025 0.7496760329744305 0.7542964737748779 0.7588516561242095 0.7633463352335083 0.7677842382917892 0.7721682905334113 0.7765007009877852 0.7807831213112199 0.7850168913429035 0.7892031940390357 0.7933430447541144 0.7974374033002126 0.8014891715254051 0.8055000234978561 0.8094715670245916 0.8134053865263536 0.8173030001627462 0.8211655567849715 0.8249937823422624 0.8287883131364301 0.8325496178675832 0.8362779976341285 0.8399737320970456 0.8436370999428857 0.8472682346683534 0.8508672366395843 0.8544340844191513 0.8579689670461835 0.8614722752665098 0.8649443218716788 0.8683854751956638 0.8717956680028982 0.8751758932360242 0.8785272003545369 0.881850694360356 0.8851476030333925 0.8884191317417014 0.8916665423701913 0.8948910617243443 0.8980937723942246 0.9012756117800498 0.904437395478475 0.907579971242296 0.9107043096022989 0.9138113713449856 0.9169020928961453 0.9199774019117105 0.9230383575954614 0.9260862218323063 0.9291224338531405 0.9321485225362819 0.9351620440150505 0.938163020701302 0.9411534949971737 0.944135040604694 0.9471058489845658 0.9500590455437173 0.9529952889958148 0.955915672649636 0.958821323918956 0.9616899430075381 0.9645228473427149 0.9673217324300777 0.9700886864699033 0.972793016913279 0.9754241648529717 0.9779839943707029 0.9804746706466013 0.9828717394230152 0.9851439283660735 0.9872925217725401 0.9893177749426822 0.9912113516406771 0.9929318113712494 0.9944779477919159 0.9958486227701874 0.997043145436257 0.9980246736229448 0.998706272717138 0.9993793212012378 0.9997226552368645 1.0 1.0
0.0007972 0.01034 0.02857 0.05472 0.06741 0.08064 0.09661 0.1163 0.1405 0.1701 0.2068 0.2482 0.2959 0.3486 0.406 0.4659 0.5269 0.5869 0.6441 0.6911 0.7405 0.7845 0.8227 0.8555 0.8833 0.9065 0.9255 0.941 0.9534 0.9634 0.9713 0.9776 0.9826 0.9865 0.9895 0.9919 0.9938 0.9952 0.9963 0.9972 0.9978 0.9983 0.9987 0.999 0.9993 0.9994 0.9996 0.9997 0.9998 0.9998 0.9999 0.9999 0.9999 0.9999 1.0 1.0 1.0 1.0 1.0 1.0 1.0 1.0 1.0 1.0 1.0 1.0 1.0 1.0 1.0 1.0 1.0 1.0 1.0 1.0 1.0 1.0 1.0 1.0 1.0 1.0 1.0 1.0 1.0 1.0 1.0 1.0 1.0 1.0 1.0 1.0 1.0 1.0 1.0 1.0 1.0 1.0 1.0 1.0 1.0 1.0 1.0 1.0 1.0 1.0 1.0 1.0 1.0 1.0 1.0 1.0 1.0 1.0 1.0 1.0 1.0 1.0
0.0 1.452731 2.421218 3.389706 4.358193 5.32668 6.295168 7.263655 8.232142 9.20063 10.16912 11.1376 12.10609 13.07458 14.04307 15.01155 15.98004 16.94853 17.91702 18.8855 19.85399 20.82248 21.79097 22.75945 23.72794 24.69643 25.66491 26.6334 27.60189 28.57038 29.53886 30.50735 31.47584 32.44433 33.41281 34.3813 35.34979 36.31828 37.28676 38.25525 39.22374 40.19222 41.16071 42.1292 43.09769 44.06617 45.03466 46.00315 46.97164 47.94012 48.90861 49.8771 50.84559 51.81407 52.78256 53.75105 54.71953 55.68802 56.65651 57.625 58.59348 59.56197 60.53046 61.49895 62.46743 63.43592 64.40441 65.3729 66.34138 67.30987 68.27836 69.24684 70.21533 71.18382 72.15231 73.12079 74.08928 75.05777 76.02626 76.99474 77.96323 78.93172 79.90021 80.86869 81.83718 82.80567 83.77415 84.74264 85.71113 86.67962 87.6481 88.61659 89.58508 90.55357 91.52205 92.49054 93.45903 94.42752 95.396 96.36449 97.33298 98.30146 99.26995 100.2384 101.2069 102.1754 103.1439 104.1124 105.0809 106.0494 107.0179 107.9863 108.9548 109.9233 110.8918 111.8603 112.8288 113.7973 114.7657 115.7342 116.7027 117.6712 118.6397 119.6082 120.5767 121.5452
0.014678052484422595 0.07737031965463784 0.16621057417447935 0.24780196207215846 0.3157985885150754 0.37403040567552975 0.4239858497112877 0.466481015669334 0.5024346507118026 0.5326851617453386 0.5577847648575498 0.5789513149085714 0.5967979734111526 0.6119854914064308 0.6249920275588907 0.6362772920299046 0.6461824894455169 0.6549981871443293 0.6629615835112548 0.6703238650135764 0.6771066693747491 0.6834357781182664 0.6894100443920053 0.6950961071940406 0.7005360956470532 0.705768529171899 0.7108294755189779 0.7157485996081278 0.7205499147368425 0.7252477387386321 0.7298527699892305 0.7343757068643719 0.7388244760741453 0.7432044872933131 0.7475188536458011 0.7517716160464633 0.755967863199278 0.7601115813857746 0.7642058398280996 0.7682529565401819 0.7722546651544927 0.7762123451624862 0.780127200448501 0.7840002690457106 0.7878324777694485 0.7916250744058322 0.7953796160046219 0.7990975805923758 0.8027803935135173 0.8064294020648629 0.810045587695071 0.8136295474683353 0.8171817662554145 0.8207026313675586 0.8241927379177713 0.8276535775909418 0.831085568917363 0.8344890104291316 0.8378640787089586 0.8412108400973101 0.8445295589804547 0.8478207553505746 0.851084847737962 0.8543221571134012 0.857532859084008 0.8607171087694012 0.8638751159225249 0.867007091271918 0.8701132982282541 0.8731940021533974 0.8762494801163526 0.8792799516260147 0.8822855386317695 0.88526627430385 0.8882219703524044 0.8911531575011603 0.8940604425702625 0.8969445104274628 0.8998061230125247 0.9026460081193839 0.905464983296724 0.9082640202372525 0.9110441891687809 0.9138066715369606 0.9165527482981422 0.9192840086967236 0.9220020322211523 0.9247080003170798 0.9274027071189075 0.9300865614009775 0.9327600597411891 0.9354240196882265 0.938079324155644 0.9407266024022731 0.9433621891173689 0.9459867467299959 0.9486017542423074 0.9512088135814377 0.9538041482188016 0.9563857815987507 0.9589556463751546 0.9615157405667532 0.9640613939998603 0.9665801980805533 0.9690738854657083 0.9715442005193422 0.9739910886081301 0.9763774761431366 0.9787041592099535 0.980971998283448 0.9831820304211991 0.9852945225620613 0.9872972319632763 0.9891904776444382 0.9909740283895108 0.9926259576988935 0.9941225303196929 0.9954625306604293 0.9966449441022112 0.9976634331793476 0.9985190505589384 0.9991450694393511 0.9994624568625146 0.9997644113469822 1.0 1.0
0.0005856 0.009501 0.02653 0.05023 0.06085 0.07223 0.08578 0.1028 0.1236 0.1492 0.1811 0.2171 0.2591 0.3061 0.3581 0.4133 0.4709 0.529 0.586 0.6338 0.6858 0.7335 0.7762 0.8139 0.8468 0.8749 0.8985 0.9181 0.9343 0.9475 0.9582 0.9669 0.9738 0.9794 0.9838 0.9873 0.99 0.9922 0.9939 0.9952 0.9963 0.9971 0.9978 0.9983 0.9987 0.999 0.9992 0.9994 0.9995 0.9996 0.9997 0.9998 0.9998 0.9999 0.9999 0.9999 0.9999 1.0 1.0 1.0 1.0 1.0 1.0 1.0 1.0 1.0 1.0 1.0 1.0 1.0 1.0 1.0 1.0 1.0 1.0 1.0 1.0 1.0 1.0 1.0 1.0 1.0 1.0 1.0 1.0 1.0 1.0 1.0 1.0 1.0 1.0 1.0 1.0 1.0 1.0 1.0 1.0 1.0 1.0 1.0 1.0 1.0 1.0 1.0 1.0 1.0 1.0 1.0 1.0 1.0 1.0 1.0 1.0 1.0 1.0 1.0 1.0 1.0 1.0 1.0 1.0 1.0 1.0 1.0 1.0 1.0
0.0 1.452731 2.421218 3.389706 4.358193 5.32668 6.295168 7.263655 8.232142 9.20063 10.16912 11.1376 12.10609 13.07458 14.04307 15.01155 15.98004 16.94853 17.91702 18.8855 19.85399 20.82248 21.79097 22.75945 23.72794 24.69643 25.66491 26.6334 27.60189 28.57038 29.53886 30.50735 31.47584 32.44433 33.41281 34.3813 35.34979 36.31828 37.28676 38.25525 39.22374 40.19222 41.16071 42.1292 43.09769 44.06617 45.03466 46.00315 46.97164 47.94012 48.90861 49.8771 50.84559 51.81407 52.78256 53.75105 54.71953 55.68802 56.65651 57.625 58.59348 59.56197 60.53046 61.49895 62.46743 63.43592 64.40441 65.3729 66.34138 67.30987 68.27836 69.24684 70.21533 71.18382 72.15231 73.12079 74.08928 75.05777 76.02626 76.99474 77.96323 78.93172 79.90021 80.86869 81.83718 82.80567 83.77415 84.74264 85.71113 86.67962 87.6481 88.61659 89.58508 90.55357 91.52205 92.49054 93.45903 94.42752 95.396 96.36449 97.33298 98.30146 99.26995 100.2384 101.2069 102.1754 103.1439 104.1124 105.0809 106.0494 107.0179 107.9863 108.9548 109.9233 110.8918 111.8603 112.8288 113.7973 114.7657 115.7342 116.7027 117.6712 118.6397 119.6082 120.5767 121.5452 122.5136 123.4821 124.4506 125.4191 126.3876 127.3561 128.3246 129.2931 130.2615
0.012150907712173623 0.07233365593144907 0.16129694673428474 0.24238839855003794 0.3101040311935245 0.3682360102805921 0.4182953032134036 0.46108552276606474 0.4974253747249531 0.5281210831794028 0.5536643743768589 0.5752504317074078 0.5934715755170683 0.6089755873693214 0.6222320070758847 0.6336998317504263 0.6437225662700405 0.6525951460229449 0.6605605344037127 0.6678863892745097 0.6745880862153003 0.680797159512629 0.6866178932093866 0.6921220351402154 0.6973566932369614 0.702364939585322 0.707186714641464 0.7118549463109202 0.7163964278571793 0.7208281123674274 0.7251629735962413 0.7294134718044941 0.7335890145476077 0.7376962889361837 0.7417395364087253 0.7457235956933759 0.7496540119375105 0.7535351142730542 0.7573702292038093 0.761161901787752 0.7649119911254255 0.7686219870306299 0.7722931084419289 0.7759263872185862 0.7795227158847619 0.7830832247112266 0.7866093275108148 0.790102339684854 0.7935635123261628 0.7969940195522226 0.8003947207585674 0.8037661157977019 0.807108640213621 0.8104226525749831 0.8137084568856507 0.8169664234067383 0.8201969652716996 0.8234003543301427 0.8265767533020835 0.8297261953161481 0.8328489083752333 0.835945305612793 0.8390157465718571 0.8420605459743725 0.8450807152178048 0.8480769724138417 0.8510496868492264 0.8539992063745322 0.8569258681222475 0.8598299877886909 0.8627119570711468 0.8655721345382734 0.8684107374748824 0.87122782044577 0.8740232411927181 0.8767968486881672 0.8795485669311516 0.8822783627930451 0.8849862352994765 0.8876721639886475 0.8903361595786428 0.8929783633533086 0.8955990578803379 0.898198525727423 0.9007773758766601 0.903336827266613 0.9058780637584766 0.908402032441207 0.9109093744511548 0.9134003830740978 0.9158753847244392 0.9183349883842754 0.9207798254462438 0.9232105253542388 0.9256277526295238 0.9280323764113464 0.9304255172267637 0.9328084144761376 0.9351823728427112 0.9375488285498602 0.9399093688485196 0.9422656462725058 0.9446192373546693 0.9469702190703473 0.9493166660617444 0.9516599268588143 0.9540012632724602 0.9563418815744184 0.9586753343494401 0.961001837907966 0.963322360775122 0.9656379903493388 0.9679378195176811 0.9702159660002858 0.9724735815040931 0.9747118849676666 0.976919076753911 0.9790725387805888 0.9811729784413029 0.9832212327210463 0.9852143219922189 0.9871082826193341 0.9889031681928162 0.9905989241478695 0.9921953117635123 0.9936591751313147 0.9949813697761211 0.9961606777337388 0.9971961606845543 0.9980739845040852 0.9989221591776891 0.9994768415070504 0.9997704410321417 1.0 1.0
0.0006142 0.0087 0.02355 0.04522 0.05466 0.06471 0.07656 0.0913 0.1095 0.1318 0.1597 0.1914 0.2285 0.2705 0.3174 0.3682 0.422 0.4775 0.5331 0.5806 0.6338 0.6838 0.7298 0.7714 0.8085 0.841 0.869 0.8927 0.9125 0.9291 0.9428 0.954 0.9632 0.9706 0.9766 0.9814 0.9852 0.9883 0.9907 0.9927 0.9942 0.9954 0.9964 0.9972 0.9978 0.9983 0.9986 0.9989 0.9992 0.9994 0.9995 0.9996 0.9997 0.9998 0.9998 0.9999 0.9999 0.9999 0.9999 1.0 1.0 1.0 1.0 1.0 1.0 1.0 1.0 1.0 1.0 1.0 1.0 1.0 1.0 1.0 1.0 1.0 1.0 1.0 1.0 1.0 1.0 1.0 1.0 1.0 1.0 1.0 1.0 1.0 1.0 1.0 1.0 1.0 1.0 1.0 1.0 1.0 1.0 1.0 1.0 1.0 1.0 1.0 1.0 1.0 1.0 1.0 1.0 1.0 1.0 1.0 1.0 1.0 1.0 1.0 1.0 1.0 1.0 1.0 1.0 1.0 1.0 1.0 1.0 1.0 1.0 1.0 1.0 1.0 1.0 1.0 1.0 1.0 1.0 1.0 0.0
0.0 1.452731 2.421218 3.389706 4.358193 5.32668 6.295168 7.263655 8.232142 9.20063 10.16912 11.1376 12.10609 13.07458 14.04307 15.01155 15.98004 16.94853 17.91702 18.8855 19.85399 20.82248 21.79097 22.75945 23.72794 24.69643 25.66491 26.6334 27.60189 28.57038 29.53886 30.50735 31.47584 32.44433 33.41281 34.3813 35.34979 36.31828 37.28676 38.25525 39.22374 40.19222 41.16071 42.1292 43.09769 44.06617 45.03466 46.00315 46.97164 47.94012 48.90861 49.8771 50.84559 51.81407 52.78256 53.75105 54.71953 55.68802 56.65651 57.625 58.59348 59.56197 60.53046 61.49895 62.46743 63.43592 64.40441 65.3729 66.34138 67.30987 68.27836 69.24684 70.21533 71.18382 72.15231 73.12079 74.08928 75.05777 76.02626 76.99474 77.96323 78.93172 79.90021 80.86869 81.83718 82.80567 83.77415 84.74264 85.71113 86.67962 87.6481 88.61659 89.58508 90.55357 91.52205 92.49054 93.45903 94.42752 95.396 96.36449 97.33298 98.30146 99.26995 100.2384 101.2069 102.1754 103.1439 104.1124 105.0809 106.0494 107.0179 107.9863 108.9548 109.9233 110.8918 111.8603 112.8288 113.7973 114.7657 115.7342 116.7027 117.6712 118.6397 119.6082 120.5767 121.5452 122.5136 123.4821 124.4506 125.4191 126.3876 127.3561 128.3246 129.2931 130.2615 131.23 132.1985 133.167 134.1355 135.104 136.0725 137.041 138.0094 138.9779 139.9464 140.6952
0.010819681038453982 0.0693452028184945 0.15656727802027925 0.2366332896684369 0.3035201149583087 0.361372363151129 0.41134861321979216 0.4543081692369382 0.4909821928419106 0.5220982136734744 0.54809517798927 0.5701290941237125 0.5887668560223991 0.6046401980916656 0.6182078137665633 0.6299261861225416 0.640138583032016 0.64914317129426 0.6571872278301941 0.6645530155609534 0.6712492386294804 0.6774124417567376 0.6831519880829471 0.6885442937318186 0.6936410187995228 0.6984895389847648 0.7031336427770989 0.7076096316815076 0.7119471751504416 0.7161659463580826 0.7202813019481658 0.7243076073106484 0.7282559376129797 0.7321344526848786 0.7359486949787034 0.7397044425886727 0.7434078903640313 0.7470639079119898 0.7506762440803308 0.7542477606518163 0.7577805832718252 0.761276389671456 0.7647365352782707 0.7681621204034367 0.7715540739822226 0.7749135167740566 0.7782417847319665 0.7815401057253168 0.7848096121982563 0.7880513820662379 0.7912661748360854 0.7944544062890981 0.7976164182033467 0.800752477379946 0.8038627970650427 0.8069476557444721 0.8100073630633238 0.8130421108457568 0.8160519954907144 0.8190370062872027 0.8219973146111205 0.824933282688799 0.8278452532720353 0.8307335350321923 0.8335983850331181 0.8364401236308959 0.8392591130518569 0.8420557067587918 0.8448302348450513 0.8475829865074639 0.8503142928131067 0.8530244848290566 0.8557137543794728 0.8583822192852857 0.8610308620367322 0.863659725477787 0.8662689264556538 0.8688585730539959 0.8714287383023156 0.8739795088622888 0.876511044425094 0.8790236127655725 0.8815175439770748 0.8839931701004042 0.8864508426508986 0.8888911283374951 0.8913145500514302 0.8937213960158061 0.8961116564933558 0.8984849994432756 0.9008411045094824 0.9031798976887471 0.9055013672963494 0.9078053215081301 0.9100921342351408 0.9123624043192998 0.9146169954561874 0.9168569339537417 0.9190833405713911 0.9212973905972582 0.923500408299651 0.9256937286578705 0.9278785902522749 0.9300561781082547 0.932227604221697 0.934393903664081 0.9365560589256434 0.9387149784933925 0.9408715056146475 0.9430264416664801 0.9451805763412411 0.9473347752819641 0.9494899138689494 0.9516442413415964 0.9537969767710941 0.9559490714884255 0.9581014972728337 0.9602534965649486 0.9624001023848903 0.9645422650899144 0.9666809243262835 0.9688170635579613 0.970934950282708 0.973034605922511 0.9751170353633213 0.9771833165205923 0.9792116827077441 0.9811916050180045 0.9831236589238513 0.9850085708254003 0.9868293920357674 0.9885591659050788 0.9901979878585508 0.991745452825878 0.9931966902261228 0.9945175027776941 0.9957064707870683 0.9967622855655649 0.9976840376524493 0.9984838256019286 0.9990060839157455 0.9995219643196985 0.9997867994804148 0.9999999998618546 1.0 1.0
0.0006105 0.008 0.02168 0.04157 0.0502 0.05895 0.0695 0.08241 0.09835 0.1179 0.1425 0.1704 0.2032 0.2406 0.2829 0.3291 0.3788 0.4309 0.4842 0.5304 0.5834 0.6345 0.6825 0.727 0.7677 0.8041 0.8361 0.8638 0.8874 0.9075 0.9244 0.9385 0.9501 0.9597 0.9675 0.9738 0.979 0.9831 0.9865 0.9892 0.9914 0.9931 0.9945 0.9957 0.9965 0.9973 0.9978 0.9983 0.9986 0.9989 0.9992 0.9993 0.9995 0.9996 0.9997 0.9997 0.9998 0.9998 0.9999 0.9999 0.9999 0.9999 1.0 1.0 1.0 1.0 1.0 1.0 1.0 1.0 1.0 1.0 1.0 1.0 1.0 1.0 1.0 1.0 1.0 1.0 1.0 1.0 1.0 1.0 1.0 1.0 1.0 1.0 1.0 1.0 1.0 1.0 1.0 1.0 1.0 1.0 1.0 1.0 1.0 1.0 1.0 1.0 1.0 1.0 1.0 1.0 1.0 1.0 1.0 1.0 1.0 1.0 1.0 1.0 1.0 1.0 1.0 1.0 1.0 1.0 1.0 1.0 1.0 1.0 1.0 1.0 1.0 1.0 1.0 1.0 1.0 1.0 1.0 1.0 1.0 1.0 1.0 1.0 1.0 1.0 1.0 1.0 1.0 1.0 1.0 0.0
