0.25 0.5 1.0 2.0 3.0 4.0 5.0 6.0 7.0 8.0 9.0 10.0 12.0 14.0 16.0 18.0 20.0 22.0 24.0 26.0 28.0 30.0 35.0 40.0 45.0 50.0 55.0 60.0 70.0 80.0 100.0 120.0 140.0 160.0 200.0
0.0 0.7798126999999999
1.0 1.0
0.0 0.0
0.0 0.7798126999999999
1.0 1.0
0.0 0.0
0.0 0.7798126999999999 0.9501590999999999
0.9999999999999221 1.0 1.0
0.0 0.0 0.0
0.0 0.7798126999999999 1.267196 1.754579 1.900318
0.09326158556279872 0.8202195870033849 0.9999999999999486 1.0 1.0
0.0 0.0 0.0 0.0 0.0
0.0 0.7798126999999999 1.267196 1.754579 2.241962 2.729344 2.850478
0.02385066990205827 0.375012378715267 0.7549843608971751 0.9624012046031892 0.9999999999999506 1.0 1.0
0.0 0.0 0.0 0.0 0.0 0.0 0.0
0.0 0.7798126999999999 1.267196 1.754579 2.241962 2.729344 3.216728 3.704111 3.800636
0.00012402918651184143 0.7073210878289649 0.9942768807534074 0.9968240054956462 0.9988196831222907 0.9998468055959636 0.9999999999999513 1.0 1.0
0.0 0.0 0.0 0.0 0.0 0.0 0.0 0.0 0.0
0.0 0.7798126999999999 1.267196 1.754579 2.241962 2.729344 3.216728 3.704111 4.191494 4.678877 4.750796
5.721749434345023e-06 0.0046758057713586956 0.01631847437235409 0.7997415162103106 0.9997201120608291 0.9998892194212798 0.9999642781176808 0.9999949511337481 0.9999999999999513 1.0 1.0
0.0 0.0 0.0 0.0 0.0 0.0 0.0 0.0 0.0 0.0 0.0
0.0 0.7798126999999999 1.267196 1.754579 2.241962 2.729344 3.216728 3.704111 4.191494 4.678877 5.16626 5.653642 5.700955
7.021806484956887e-06 0.003580145123626315 0.013462054344276931 0.17201701914292555 0.2651162567953468 0.8734387114948814 0.9992755116847499 0.9999740700868672 0.9999919772018608 0.9999990842520073 0.9999999999999513 1.0 1.0
0.01001003 0.01001003 0.01001003 0.01001003 0.01001003 0.01001003 0.01001003 0.01001003 0.01001003 0.01001003 0.01001003 0.01001003 0.0
0.0 0.14621489999999998 0.2436915 0.3411681 0.4386447 0.5361213 0.6335979 0.7310744 0.8285511 0.9260276 1.218458 1.70584 2.193224 2.680606 3.167989 3.655372 4.142756 4.630138 5.117522 5.604904 6.092287 6.57967 6.651114
4.86916373488262e-14 9.73832746976524e-14 1.1963145763507808e-09 5.653192584142433e-08 1.1305477166631583e-06 9.609514678038358e-06 5.302205339714217e-05 0.00020553984289761748 0.0006489643589895344 0.0017444341721435349 0.030827097056943826 0.12371642577712369 0.21451722409650031 0.4941177524955445 0.5864647050672959 0.915056373076499 0.9981841484158982 0.9999921390266179 0.9999981006846199 0.9999998044196182 0.9999999999998049 1.0 1.0
1.0 0.9997849 0.006218142 0.01207892 0.01313303 0.01551721 0.01691628 0.01897758 0.0200524 0.02071175 0.0213849 0.0213849 0.0213849 0.0213849 0.0213849 0.0213849 0.0213849 0.0213849 0.0213849 0.0213849 0.0213849 0.0213849 0.0
0.0 0.14621489999999998 0.2436915 0.3411681 0.4386447 0.5361213 0.6335979 0.7310744 0.8285511 0.9260276 1.023504 1.120981 1.218458 1.315934 1.413411 1.510887 1.608364 1.70584 1.803317 1.900794 2.193224 2.680606 3.167989 3.655372 4.142756 4.630138 5.117522 5.604904 6.092287 6.57967 7.067054 7.554436 7.601273
4.232460305655817e-14 8.464920611311634e-14 8.28876561339024e-09 2.2684285789272307e-07 1.9799787060190304e-06 9.740237001042028e-06 3.613948863931823e-05 0.00012038110882499993 0.00036014786891024915 0.0009516130343241215 0.002233583782796273 0.004723082651654549 0.009141491868379049 0.016419347035144315 0.027679147414533933 0.044195451870532795 0.06734164298280254 0.09849813768003282 0.13898714809678991 0.18999925685213415 0.30792601282005716 0.46841828348513626 0.5940216220078395 0.7646594386223999 0.8266187213091168 0.9632591312200848 0.9988029731078564 0.9999961002820525 0.9999995463300712 0.9999999654587644 0.9999999999999577 1.0 1.0
1.0 0.996477 0.0005998013 0.002055253 0.005436136 0.01151387 0.01898982 0.02356565 0.02556068 0.02656544 0.02723719 0.02783641 0.02841235 0.02898414 0.02956034 0.03014522 0.03074166 0.03135166 0.03197643 0.03261619 0.04102783 0.04102783 0.04102783 0.04102783 0.04102783 0.04102783 0.04102783 0.04102783 0.04102783 0.04102783 0.04102783 0.04102783 0.0
0.0 0.14621489999999998 0.2436915 0.3411681 0.4386447 0.5361213 0.6335979 0.7310744 0.8285511 0.9260276 1.023504 1.120981 1.218458 1.315934 1.413411 1.510887 1.608364 1.70584 1.803317 1.900794 2.047008 2.241962 2.436915 2.631868 2.826821 3.167989 3.655372 4.142756 4.630138 5.117522 5.604904 6.092287 6.57967 7.067054 7.554436 8.04182 8.529202 8.551433
3.534505277082901e-14 7.069010554165802e-14 9.074036431707175e-08 6.472749127776271e-06 9.845436100805399e-05 0.0006393799969202091 0.0019848498706820537 0.003668141750168511 0.005285100862218898 0.006835072263005371 0.008476801188037557 0.010516952979022578 0.013423079416474045 0.01780760140214789 0.024389433421446973 0.033953801166728026 0.04732055787854737 0.06531930496301552 0.08872374562528593 0.11822062363717996 0.16145419735571923 0.21938392591089423 0.29153349937156536 0.37619702411080125 0.47081877005284883 0.6030366244865939 0.7156524307591122 0.802026691397509 0.8897459019839414 0.9252228624917113 0.9838300850183974 0.9993356945810644 0.9999970644929521 0.9999998852720441 0.9999999942595746 0.9999999999999647 1.0 1.0
1.0 0.9415777 4.451523e-05 5.677257e-05 8.198267e-05 0.0001299923 0.0002917637 0.0009194781 0.002943401 0.00784542 0.01537759 0.02467467 0.03152235 0.03525878 0.03722589 0.03848248 0.03950924 0.04044751 0.04141126 0.04240607 0.0444908 0.04670118 0.04906303 0.05157118 0.05422994 0.06090808 0.06090808 0.06090808 0.06090808 0.06090808 0.06090808 0.06090808 0.06090808 0.06090808 0.06090808 0.06090808 0.06090808 0.0
0.0 0.14621489999999998 0.2436915 0.3411681 0.4386447 0.5361213 0.6335979 0.7310744 0.8285511 0.9260276 1.023504 1.120981 1.218458 1.315934 1.413411 1.510887 1.608364 1.70584 1.803317 1.900794 2.047008 2.241962 2.436915 2.631868 2.826821 3.021775 3.216729 3.411682 3.606635 3.947803 4.435186 4.92257 5.409952 5.897335 6.384718 6.872102 7.359484 7.846867 8.33425 8.821633 9.309016 9.501592
1.1777919033924242e-10 2.3678273886948723e-10 1.2116839034730408e-07 2.0775019928625045e-05 0.00025613001884780724 0.0016634558640324908 0.0063212045805821305 0.014037557340149566 0.023175591985351664 0.033439271450860966 0.04474194426018736 0.05670468307818196 0.06891744858403616 0.0813428673456605 0.09393355141313743 0.10706318629573942 0.12132705955591834 0.13760352820048044 0.15647303834696205 0.17851535003843155 0.20919570536979015 0.24965522515734956 0.29989559069032007 0.35884164463632373 0.42474660885862925 0.4957066131496199 0.5698304512058916 0.6455526258321715 0.7214806499164337 0.7658036638388434 0.8365242742403508 0.8845859601325347 0.940167591663449 0.9604428548361768 0.9854032500455266 0.9986807190613306 0.9999807035392391 0.9999999051907807 0.9999999866167019 0.9999999990753804 1.0 1.0
1.0 0.9597856 2.562242e-05 1.340691e-05 2.47273e-05 3.711605e-05 5.988258e-05 0.000142947 0.0003722301 0.0008489342 0.001712292 0.003210171 0.005674576 0.009378111 0.01449637 0.02083423 0.02746126 0.03312523 0.03799393 0.04193413 0.04491781 0.04824168 0.05117631 0.05416255 0.05738106 0.06080073 0.06447952 0.06839796 0.07257488 0.1267926 0.996922 0.996922 0.996922 0.996922 0.996922 0.996922 0.996922 0.996922 0.996922 0.996922 0.996922 0.0
0.0 0.14621489999999998 0.2436915 0.3411681 0.4386447 0.5361213 0.6335979 0.7310744 0.8285511 0.9260276 1.023504 1.120981 1.218458 1.315934 1.413411 1.510887 1.608364 1.70584 1.803317 1.900794 2.047008 2.241962 2.436915 2.631868 2.826821 3.021775 3.216729 3.411682 3.606635 3.801588 4.142756 4.630138 5.117522 5.604904 6.092287 6.57967 7.067054 7.554436 8.04182 8.529202 9.016585 9.503968 9.991351 10.47873 10.96612 11.40191
4.902450524260997e-06 1.0079627995603846e-05 1.577971021756986e-05 2.6370858010783936e-05 0.00017833730530838476 0.0010267510899026778 0.0045827395964848725 0.010408190936929637 0.01890620330859829 0.02981710293983459 0.044016550972904196 0.0615944625543514 0.08233608487442866 0.10634662009542709 0.1328718363384507 0.16226412388150785 0.1938911218074567 0.22813776907740066 0.2648278351219839 0.3040855623745011 0.3483088534177742 0.396824626050441 0.44832039832412646 0.5011559102967614 0.5536554952948115 0.6043957743690804 0.6526704316483115 0.6986318885055179 0.7428197255768566 0.7854311718201241 0.8251849712369103 0.8613508334179746 0.8936684633794945 0.9224826456839798 0.9415596154458542 0.9587896482140763 0.9743364487476642 0.9865296176853692 0.992510074452478 0.9984178989986018 0.9999157792379363 0.9999991352815716 0.9999999917087569 0.9999999987075741 1.0 1.0
1.0 0.8878254 1.127529e-05 4.28612e-05 2.582812e-05 4.197119e-05 5.588121e-05 0.0001350541 0.0002858881 0.0005712128 0.0009762662 0.001566957 0.002409048 0.003502609 0.005012609 0.006781679 0.009027077 0.0114755 0.01424226 0.01716425 0.02341621 0.03004747 0.03670133 0.0438168 0.05239705 0.06195678 0.07221969 0.08271849 0.09232026 0.1002026 0.1201183 0.1421829 0.1672342 0.1948772 0.9995801 0.9995801 0.9995801 0.9995801 0.9995801 0.9995801 0.9995801 0.9995801 0.9995801 0.9995801 0.9995801 0.0
0.0 0.14621489999999998 0.2436915 0.3411681 0.4386447 0.5361213 0.6335979 0.7310744 0.8285511 0.9260276 1.023504 1.120981 1.218458 1.315934 1.413411 1.510887 1.608364 1.70584 1.803317 1.900794 2.047008 2.241962 2.436915 2.631868 2.826821 3.021775 3.216729 3.411682 3.606635 3.801588 4.142756 4.630138 5.117522 5.604904 6.092287 6.57967 7.067054 7.554436 8.04182 8.529202 9.016585 9.503968 9.991351 10.47873 10.96612 11.4535 11.94088 12.42827 12.91565 13.30223
6.679379722068896e-06 1.4051772545706477e-05 2.2281523858607174e-05 3.9419574095567875e-05 0.00015436410255282814 0.0007077985260518937 0.0026153034813665987 0.006309368829690688 0.011587371512144307 0.018790808375391765 0.028429604889211698 0.04070895572834587 0.05611057623729632 0.07486433950772059 0.09703423719234266 0.12256713401318058 0.15114312976209426 0.1828708607558537 0.21780354451770415 0.2559863675628374 0.29980294275740493 0.3484392597038052 0.40121263433793575 0.45685779585485914 0.5143250769881309 0.5724419747517433 0.629483805976453 0.6846555250547607 0.7365984886182169 0.7844074665964209 0.8249614205795264 0.8576766269068835 0.8843209475109136 0.9068709610312277 0.9262487505602467 0.9427702008020836 0.9569326730530751 0.9695171683325405 0.976265009979286 0.9820960781910435 0.9888554970680731 0.994208246180903 0.9971027303373599 0.999411174419519 0.9999667709258488 0.9999995084109665 0.9999999756124409 0.99999999376518 1.0 1.0
1.0 0.2500691 1.87949e-05 2.259526e-05 3.710204e-05 6.678947e-05 0.0001063443 0.0002151018 0.0004607832 0.0008587834 0.001416027 0.002191605 0.003146551 0.00431887 0.005737486 0.007421282 0.009441257 0.01164118 0.01398649 0.01642132 0.02180328 0.02547696 0.03102092 0.03668354 0.04228539 0.04799442 0.05456815 0.06161871 0.0703076 0.08107227 0.1066415 0.1434683 0.1873828 0.2299152 0.2716874 0.3155398 0.3619016 0.4092729 0.9998808 0.9998808 0.9998808 0.9998808 0.9998808 0.9998808 0.9998808 0.9998808 0.9998808 0.9998808 0.9998808 0.0
0.0 0.14621489999999998 0.2436915 0.3411681 0.4386447 0.5361213 0.6335979 0.7310744 0.8285511 0.9260276 1.023504 1.120981 1.218458 1.315934 1.413411 1.510887 1.608364 1.70584 1.803317 1.900794 2.047008 2.241962 2.436915 2.631868 2.826821 3.021775 3.216729 3.411682 3.606635 3.801588 4.142756 4.630138 5.117522 5.604904 6.092287 6.57967 7.067054 7.554436 8.04182 8.529202 9.016585 9.503968 9.991351 10.47873 10.96612 11.4535 11.94088 12.42827 12.91565 13.40303 13.89042 14.3778 14.86518 15.20255
1.2925496245564157e-06 2.7836663464260498e-06 4.892921405288591e-06 1.637285880043585e-05 0.00015042831696372033 0.0010934757550966716 0.0036133628022663794 0.007969215287534451 0.013998653926372819 0.02182519267309172 0.031819265688798094 0.044293511330334094 0.05947364256398897 0.07751885019936859 0.09852734327158552 0.12255731082179595 0.14962934143119405 0.17974758036764807 0.2128065048908037 0.24906575153674262 0.29028689634435795 0.33597591355273154 0.3852934302506951 0.43791591516904477 0.4926764065238151 0.5486308101654279 0.6041493470309559 0.6580742976557291 0.709492175245667 0.7568620923128527 0.7981200561160343 0.8329763237023473 0.8628466731155906 0.888107033814577 0.9087597051080091 0.9251945976542402 0.9387139191762556 0.9500924039581095 0.959744854302913 0.9680082366562112 0.9753557001579669 0.9822286945462454 0.9850355944302819 0.9880608760425107 0.9925869825689096 0.996233924117299 0.9982817332819486 0.9996674860610366 0.9999807105161755 0.9999995975087419 0.999999955722503 0.9999999883180842 1.0 1.0
1.0 0.001517274 4.624108e-06 1.720447e-05 2.62478e-05 3.437993e-05 7.186564e-05 0.0001641465 0.000365164 0.0007195484 0.001249659 0.001983509 0.002916036 0.004119703 0.005582477 0.007167055 0.009104814 0.01125829 0.01362965 0.0160044 0.02161277 0.02737332 0.03323925 0.0385691 0.04384901 0.04899385 0.05485231 0.06144657 0.06905364 0.07942107 0.100184 0.130435 0.1637376 0.2035807 0.2556259 0.3237809 0.3903127 0.4518781 0.509834 0.5658554 0.6188591 0.6671818 0.9999532 0.9999532 0.9999532 0.9999532 0.9999532 0.9999532 0.9999532 0.9999532 0.9999532 0.9999532 0.9999532 0.0
0.0 0.14621489999999998 0.2436915 0.3411681 0.4386447 0.5361213 0.6335979 0.7310744 0.8285511 0.9260276 1.023504 1.120981 1.218458 1.315934 1.413411 1.510887 1.608364 1.70584 1.803317 1.900794 2.047008 2.241962 2.436915 2.631868 2.826821 3.021775 3.216729 3.411682 3.606635 3.801588 4.142756 4.630138 5.117522 5.604904 6.092287 6.57967 7.067054 7.554436 8.04182 8.529202 9.016585 9.503968 9.991351 10.47873 10.96612 11.4535 11.94088 12.42827 12.91565 13.40303 13.89042 14.3778 14.86518 15.35256 15.83995 16.32733 16.81471 17.10287
7.496607388102653e-08 1.6536605199808968e-07 3.4115449952844016e-07 7.580886737975165e-06 0.00010997039690442884 0.0007571504976031183 0.0026392140992381845 0.005854546101031162 0.010288990394058043 0.016165559511845302 0.02378621712646149 0.033459939799664974 0.045408921234171 0.059857938411834795 0.07701244126597653 0.0970788438371619 0.1202577570327556 0.1465054420804887 0.1760288624299874 0.2090990616453317 0.2483196839811988 0.29324182525574777 0.34329814137237613 0.3971218980515314 0.4531572375101614 0.5103542865787675 0.5670983637253737 0.6221723429838106 0.6748524835725286 0.7235931763005644 0.7652443526231707 0.8004651449295007 0.8309861653460642 0.8573916839947489 0.8798751773893029 0.8985151529147963 0.9140644541846444 0.9271535862062835 0.9381361359723462 0.9474498610000818 0.9555270564128114 0.9626273364813241 0.9688725881339579 0.974466333089542 0.9797250837946879 0.9848444932682677 0.9864430728885492 0.989103372311195 0.9934034200541999 0.9967659778358543 0.9986379880441001 0.999749771954681 0.9999853326741812 0.9999996089893752 0.9999999412735598 0.999999984470319 1.0 1.0
0.0001222466 7.827183e-05 2.400946e-05 2.053849e-05 3.042231e-05 4.525206e-05 8.76476e-05 0.0002040222 0.0004586419 0.0008911289 0.001533903 0.002409071 0.003549564 0.004955738 0.006618612 0.008506157 0.01057594 0.01289097 0.0152784 0.01763242 0.02295526 0.02833551 0.03348025 0.03870583 0.04413071 0.04928445 0.05534236 0.06175499 0.06939647 0.07965668 0.1048535 0.1357925 0.1683533 0.2052576 0.2480751 0.3051463 0.3668863 0.4304537 0.5005293 0.5748022 0.6419762 0.6983 0.7466113 0.7883126 0.8235819 0.8525455 0.9999667 0.9999667 0.9999667 0.9999667 0.9999667 0.9999667 0.9999667 0.9999667 0.9999667 0.9999667 0.9999667 0.0
0.0 0.14621489999999998 0.2436915 0.3411681 0.4386447 0.5361213 0.6335979 0.7310744 0.8285511 0.9260276 1.023504 1.120981 1.218458 1.315934 1.413411 1.510887 1.608364 1.70584 1.803317 1.900794 2.047008 2.241962 2.436915 2.631868 2.826821 3.021775 3.216729 3.411682 3.606635 3.801588 4.142756 4.630138 5.117522 5.604904 6.092287 6.57967 7.067054 7.554436 8.04182 8.529202 9.016585 9.503968 9.991351 10.47873 10.96612 11.4535 11.94088 12.42827 12.91565 13.40303 13.89042 14.3778 14.86518 15.35256 15.83995 16.32733 16.81471 17.3021 17.78948 18.27686 18.76424 19.00318
2.343569271750762e-09 5.187823258524439e-09 8.039696040547858e-08 4.672988394777882e-06 8.919417510801492e-05 0.0006572815644233476 0.0020881754372304214 0.004587373802184012 0.008020952187903075 0.0125743400577752 0.01845571541575255 0.025894825302718145 0.03517520914509746 0.04653707864644191 0.060232848150487815 0.07640945601368095 0.09538854979160687 0.11736589821552686 0.1424235598655754 0.17102200820498548 0.20583075405440363 0.2468117826938849 0.29334947078457246 0.34430872652861394 0.3983760182215793 0.45422343480108474 0.5106668304784627 0.5663287306957048 0.6205998243124261 0.6723456988705201 0.7190715074591636 0.7591327383885822 0.7933689140555371 0.8221248276868715 0.846190474981291 0.8663535956634291 0.8834522260743524 0.8980461393340616 0.9106045497438533 0.9214763548748683 0.9310249222348346 0.9394554407328225 0.9469697676825654 0.9537568869096129 0.9599729135181444 0.9656307436410019 0.9707282005604164 0.9754369760748234 0.9799981310624564 0.9843655411851544 0.9857130044945985 0.9887361286364553 0.9934199242622909 0.9968888707735284 0.9987788737689122 0.9997876590414586 0.9999876447741922 0.9999996213640767 0.9999999352869733 0.9999999829253898 0.9999999999999999 0.9999999999999999
2.540262e-06 4.855661e-05 2.080018e-05 2.949692e-05 3.428791e-05 4.831135e-05 0.0001087287 0.0002490514 0.0005653446 0.001104008 0.00191853 0.003040073 0.004457889 0.006178246 0.008167419 0.01044465 0.01284348 0.01537765 0.0180584 0.02053683 0.02623148 0.03173964 0.0370473 0.0423217 0.04762403 0.05306406 0.05874601 0.06521091 0.0720591 0.0804558 0.1007304 0.12904 0.1618293 0.2038296 0.2527957 0.3078875 0.3651206 0.4255591 0.4873208 0.5535256 0.6168119 0.6793749 0.7371913 0.7909837 0.8328625 0.8658844 0.8919036 0.9128511 0.9293983 0.9396825 0.9396825 0.9396825 0.9396825 0.9396825 0.9396825 0.9396825 0.9396825 0.9396825 0.9396825 0.9396825 0.9396825 0.0
0.0 0.14621489999999998 0.2436915 0.3411681 0.4386447 0.5361213 0.6335979 0.7310744 0.8285511 0.9260276 1.023504 1.120981 1.218458 1.315934 1.413411 1.510887 1.608364 1.70584 1.803317 1.900794 2.047008 2.241962 2.436915 2.631868 2.826821 3.021775 3.216729 3.411682 3.606635 3.801588 4.142756 4.630138 5.117522 5.604904 6.092287 6.57967 7.067054 7.554436 8.04182 8.529202 9.016585 9.503968 9.991351 10.47873 10.96612 11.4535 11.94088 12.42827 12.91565 13.40303 13.89042 14.3778 14.86518 15.35256 15.83995 16.32733 16.81471 17.3021 17.78948 18.27686 18.76424 19.25163 19.73901 20.22639 20.71378 20.9035
2.955148791361932e-07 5.982224797027037e-07 9.7136427442133e-07 6.090694946061366e-06 9.79036860276405e-05 0.0006253781691392937 0.002128866149701544 0.004560650286475418 0.007810222055609578 0.011992791355387111 0.017280064443419892 0.02382002017923055 0.03182945343297683 0.04158982979397428 0.053310359828419696 0.06724133748734511 0.08356087620066731 0.10255122531877915 0.12448350657282392 0.1496573908617036 0.18083081719331448 0.2181919329274109 0.2613448940187538 0.3090968637889735 0.3602677305019059 0.4137419309572589 0.4682409809733868 0.5227396733798976 0.5761574311173644 0.6276443353293377 0.6749695576232475 0.7166767626345838 0.7530508758257066 0.7844700395658126 0.8113788281706202 0.8339763765553665 0.8529252429579041 0.8689055293478806 0.8825208300974623 0.8943923488723736 0.9048889838332113 0.9142855579706546 0.9227856584396728 0.9305593405334791 0.9377232565091455 0.9443420830459898 0.9504719499534833 0.9562117184102513 0.9615896425561183 0.9665390162771897 0.9710271570345501 0.9752544722376572 0.979412548258749 0.9831441867318658 0.9846641229667629 0.9882382910251053 0.9933719916431892 0.9969608663970315 0.998880542535937 0.9998163788909236 0.9999894789320177 0.9999995805394752 0.9999999233976956 0.9999999726947773 0.9999999999999999 0.9999999999999999
1.980876e-05 2.992631e-05 2.175909e-05 2.583321e-05 2.910471e-05 4.805034e-05 9.602502e-05 0.0002387795 0.0005601415 0.001132687 0.002020899 0.00329043 0.00493807 0.006907791 0.009207192 0.01175306 0.01453872 0.01738193 0.02024083 0.02298004 0.02904434 0.03478971 0.04022585 0.04578181 0.05133655 0.05688364 0.06277926 0.06906292 0.07619602 0.08441588 0.1043579 0.1306094 0.1617909 0.1986217 0.2413971 0.2938009 0.3521418 0.416115 0.4832395 0.5462065 0.6074226 0.666244 0.7215406 0.7718239 0.8156121 0.8533028 0.8855719 0.9118245 0.9315516 0.946313 0.9576324 0.9663976 0.9731501 0.9745669 0.9745669 0.9745669 0.9745669 0.9745669 0.9745669 0.9745669 0.9745669 0.9745669 0.9745669 0.9745669 0.9745669 0.0
0.0 0.14621489999999998 0.2436915 0.3411681 0.4386447 0.5361213 0.6335979 0.7310744 0.8285511 0.9260276 1.023504 1.120981 1.218458 1.315934 1.413411 1.510887 1.608364 1.70584 1.803317 1.900794 2.047008 2.241962 2.436915 2.631868 2.826821 3.021775 3.216729 3.411682 3.606635 3.801588 4.142756 4.630138 5.117522 5.604904 6.092287 6.57967 7.067054 7.554436 8.04182 8.529202 9.016585 9.503968 9.991351 10.47873 10.96612 11.4535 11.94088 12.42827 12.91565 13.40303 13.89042 14.3778 14.86518 15.35256 15.83995 16.32733 16.81471 17.3021 17.78948 18.27686 18.76424 19.25163 19.73901 20.22639 20.71378 21.20116 21.68854 22.17593 22.66331 22.80382
2.3346544041832688e-06 4.770148166985721e-06 7.359906577769056e-06 1.5546488318893334e-05 0.00014248123823303518 0.0008751013516335295 0.0029740821431525925 0.0064448601906890385 0.010939673171311276 0.016500840074553012 0.02319885196756043 0.031083597411714927 0.040294159300121514 0.05097130062385864 0.06325318509199512 0.07727402879209336 0.09318201819160356 0.11137915629819417 0.13199812824058582 0.15551904636393285 0.18443804927183596 0.21896777588588556 0.2586614601533131 0.3028749732079637 0.3504802144830384 0.4004026821894778 0.45150897979947974 0.50276843416677 0.553375602670498 0.6024878187800036 0.6481740959784666 0.6890166385449011 0.7250984165350239 0.7566936328952598 0.7839628495973345 0.8071786290572242 0.826915196499497 0.8438325473677271 0.858395542248111 0.871029206360402 0.8821141732052554 0.8919814251270929 0.9008874783887821 0.9090577583097149 0.9166380164327422 0.9237323518717906 0.9303991723806826 0.9366894104947214 0.9426284898703786 0.9482231826416953 0.953491123750081 0.9584971339320217 0.9632274984747126 0.9675875383787703 0.9715517478090185 0.9753535721177478 0.9791324350875067 0.9823209536318507 0.9840797845878319 0.9881493136379619 0.9935460318210866 0.9971171896352241 0.9990003496674328 0.9998457350957737 0.9999914333746491 0.9999996180388872 0.9999999252533238 0.9999999733369973 0.9999999999999999 0.9999999999999999
2.845871e-06 1.043809e-05 2.365111e-05 1.973015e-05 1.893784e-05 3.07555e-05 6.125987e-05 0.0001496871 0.0003637407 0.0007684783 0.001445348 0.002482761 0.003922522 0.00579165 0.008088197 0.01078895 0.01382969 0.01690184 0.02013566 0.02307251 0.0295315 0.03579023 0.04189568 0.04773713 0.05367509 0.05966143 0.06599301 0.07282622 0.08018533 0.08869179 0.1090402 0.1353041 0.1658777 0.2011034 0.242537 0.2914666 0.345871 0.4031342 0.4647288 0.5288175 0.592743 0.6547306 0.7126669 0.7626085 0.8058318 0.8424886 0.8746094 0.9013402 0.9230142 0.9402346 0.954391 0.9654161 0.9734899 0.9794161 0.9839188 0.9873586 0.9899755 0.9892248 0.9892248 0.9892248 0.9892248 0.9892248 0.9892248 0.9892248 0.9892248 0.9892248 0.9892248 0.9892248 0.9892248 0.0
0.0 0.14621489999999998 0.2436915 0.3411681 0.4386447 0.5361213 0.6335979 0.7310744 0.8285511 0.9260276 1.023504 1.120981 1.218458 1.315934 1.413411 1.510887 1.608364 1.70584 1.803317 1.900794 2.047008 2.241962 2.436915 2.631868 2.826821 3.021775 3.216729 3.411682 3.606635 3.801588 4.142756 4.630138 5.117522 5.604904 6.092287 6.57967 7.067054 7.554436 8.04182 8.529202 9.016585 9.503968 9.991351 10.47873 10.96612 11.4535 11.94088 12.42827 12.91565 13.40303 13.89042 14.3778 14.86518 15.35256 15.83995 16.32733 16.81471 17.3021 17.78948 18.27686 18.76424 19.25163 19.73901 20.22639 20.71378 21.20116 21.68854 22.17593 22.66331 23.15069 23.63807 24.12546 24.61284 24.70414
2.559505574631578e-06 5.284087125757675e-06 8.31506630825067e-06 1.9317592395054443e-05 0.00012960207342680138 0.0010408262807759818 0.003692439613833288 0.008169858277762426 0.014145325622271769 0.02155618322637274 0.030488940174664886 0.04090949742447491 0.05285790313628668 0.06650180140273458 0.08160078885480374 0.09820690521990079 0.11614307693323413 0.13603950403995801 0.15802058512246853 0.18253682134193255 0.21166690852426476 0.2455154018128483 0.2837338171806312 0.32574142318303867 0.370420743070199 0.4168526140548831 0.46411739163991755 0.5113127728861192 0.5578284312942182 0.6029029941905744 0.6447942070277206 0.6826100935234021 0.7162214951988369 0.7459174711380888 0.7717440999080053 0.7940124186088531 0.8130762733015005 0.8295144143983765 0.8437300752723759 0.8561505476974178 0.8671133146497043 0.8769243853819595 0.8858143996047675 0.8939547467055787 0.9014765360884489 0.9084920453093038 0.9150852665182848 0.9213318311873144 0.9272733018525137 0.9329453641886842 0.9383672896042805 0.943553258435784 0.9484994982921945 0.9531967061502149 0.9576571626027348 0.9619316820274902 0.9659856686184279 0.9697169065360812 0.9731189980702539 0.9764447235248391 0.9798183279371881 0.9818473745212941 0.9843918194345209 0.9887352715522878 0.9940675477365859 0.9974164163433016 0.9991562533089862 0.999878007447199 0.9999934645898251 0.9999996714224557 0.9999999313612704 0.9999999754970409 1.0 1.0
6.742233e-05 1.253565e-05 8.200938e-06 1.17216e-05 1.851739e-05 2.084007e-05 4.099577e-05 9.84194e-05 0.0002330136 0.0004929284 0.0009298279 0.001617759 0.002613086 0.003930275 0.005726366 0.007959066 0.01075635 0.01360424 0.01667295 0.01959413 0.02606575 0.03267397 0.03922483 0.04561168 0.05226022 0.05902633 0.06606893 0.07364706 0.08169574 0.09093256 0.1127002 0.1396766 0.1712772 0.2067211 0.2477956 0.2942202 0.346611 0.4012318 0.4600697 0.5201809 0.5813985 0.6404677 0.6966109 0.747602 0.7935151 0.8333439 0.8671831 0.8937848 0.9161563 0.9339132 0.9487327 0.9602708 0.9695366 0.976684 0.9824117 0.9866896 0.9898396 0.9921677 0.9939105 0.9952336 0.9962224 0.9928326 0.9928326 0.9928326 0.9928326 0.9928326 0.9928326 0.9928326 0.9928326 0.9928326 0.9928326 0.9928326 0.9928326 0.0
0.0 0.14621489999999998 0.2436915 0.3411681 0.4386447 0.5361213 0.6335979 0.7310744 0.8285511 0.9260276 1.023504 1.120981 1.218458 1.315934 1.413411 1.510887 1.608364 1.70584 1.803317 1.900794 2.047008 2.241962 2.436915 2.631868 2.826821 3.021775 3.216729 3.411682 3.606635 3.801588 4.142756 4.630138 5.117522 5.604904 6.092287 6.57967 7.067054 7.554436 8.04182 8.529202 9.016585 9.503968 9.991351 10.47873 10.96612 11.4535 11.94088 12.42827 12.91565 13.40303 13.89042 14.3778 14.86518 15.35256 15.83995 16.32733 16.81471 17.3021 17.78948 18.27686 18.76424 19.25163 19.9827 20.71378 21.20116 21.68854 22.17593 22.66331 23.15069 23.63807 24.12546 24.61284 25.10022 25.58761 26.07499 26.56237 26.60446
1.322801631146053e-06 2.7600456055565083e-06 4.381868705143759e-06 1.5058842899143431e-05 0.00016195180634047288 0.0010621420641520902 0.0038429377744855333 0.008374575585794672 0.014643512327734592 0.022527073598314663 0.03217084078732357 0.04357303964117517 0.05677182258588912 0.07185048097036992 0.0885050528961571 0.10668504681001835 0.12616579262443167 0.14744372589540497 0.1708051406595099 0.19661081674738778 0.22690264224949871 0.2615643587515675 0.300237142881032 0.34215991751037284 0.38643548979503384 0.4319769950003588 0.47779341990276725 0.5231529595719523 0.5677082904271135 0.6105170568051385 0.6499348780928333 0.6851931500262527 0.7164682525283952 0.7440649420287884 0.7681687116620322 0.789051879484009 0.8071058476279946 0.8227525628689687 0.8363714197654321 0.8483374339941401 0.8589439338798718 0.8684497573329972 0.8770761603470169 0.8849979158610412 0.8923406464054944 0.8992063058484832 0.9056770265988594 0.9117956476211555 0.9176062564287236 0.9231457330030924 0.9284492009939579 0.9335443286016033 0.9384509910505441 0.9431838214524274 0.9477511145921165 0.9521533692917474 0.9563775265670128 0.9604090847324569 0.9642605531719498 0.9679705144335925 0.9714974019973437 0.9747054376725218 0.9776292385205935 0.9799848349564022 0.9821578905677869 0.984965121760466 0.9894949166181344 0.9946446518083752 0.9977267483354859 0.9993013759909862 0.9999055296483845 0.9999951046627253 0.999999706909258 0.9999999341045206 0.9999999764542212 1.0 1.0
0.0001631668 7.22549e-06 1.67251e-05 8.896943e-06 1.157129e-05 1.776145e-05 3.293523e-05 8.215269e-05 0.0001880002 0.0003935256 0.0007340135 0.001264591 0.002030015 0.003061992 0.004483925 0.006299555 0.008609666 0.01108842 0.01371284 0.0163111 0.02205191 0.02825455 0.03457701 0.04105737 0.04770429 0.05478352 0.06242185 0.0705567 0.07896212 0.08910364 0.1119908 0.1411108 0.1741147 0.2110077 0.2529009 0.3000583 0.3512826 0.4057541 0.4623926 0.5199272 0.5780507 0.6352763 0.6892419 0.7387044 0.783627 0.8233228 0.8569903 0.88538 0.9089975 0.9286586 0.9441423 0.9562346 0.9659604 0.9736605 0.9797033 0.9844517 0.988172 0.9910193 0.9932193 0.9948925 0.9961113 0.997003 0.9981843 0.9980257 0.9976441 0.9976441 0.9976441 0.9976441 0.9976441 0.9976441 0.9976441 0.9976441 0.9976441 0.9976441 0.9976441 0.9976441 0.0
0.0 0.14621489999999998 0.2436915 0.3411681 0.4386447 0.5361213 0.6335979 0.7310744 0.8285511 0.9260276 1.023504 1.120981 1.218458 1.315934 1.413411 1.510887 1.608364 1.70584 1.803317 1.900794 2.047008 2.241962 2.436915 2.631868 2.826821 3.021775 3.216729 3.411682 3.606635 3.801588 4.142756 4.630138 5.117522 5.604904 6.092287 6.57967 7.067054 7.554436 8.04182 8.529202 9.016585 9.503968 9.991351 10.47873 10.96612 11.4535 11.94088 12.42827 12.91565 13.40303 13.89042 14.3778 14.86518 15.35256 15.83995 16.32733 16.81471 17.3021 17.78948 18.27686 18.76424 19.25163 19.9827 20.95747 21.93223 22.66331 23.15069 23.63807 24.12546 24.61284 25.10022 25.58761 26.07499 26.56237 27.04976 27.53714 28.02452 28.50477
3.410773702893807e-07 7.194274300540875e-07 1.2965541116469636e-06 7.358265691947038e-06 0.00014855036119084826 0.0010244079101493823 0.0034955923480367093 0.007696292593208521 0.01366723453132653 0.021272554656449328 0.03054091151197305 0.04157404669583131 0.05440871731507748 0.06921363942576808 0.08624985451871325 0.10436984195323155 0.12389341660113476 0.14538883169917463 0.16903596521057793 0.19515236465054048 0.22586488590230006 0.261041144887488 0.3002368060416342 0.34268102841737896 0.387430959504948 0.4333097145864231 0.47941001935424726 0.5249714651135752 0.5693431516699453 0.6118541585523944 0.650749093444749 0.6852349242497918 0.7156427393052743 0.7422763040956863 0.7654877161886987 0.7855168269390893 0.8028500597185103 0.8179128152516076 0.8310841913434132 0.8427056603425627 0.8530677454060765 0.8624153964260163 0.8709268933616108 0.8787561541488758 0.8860232522051922 0.892821152166913 0.8992257712843453 0.9052899431877818 0.9110617044804193 0.9165784152896879 0.9218693552699715 0.9269442933513704 0.9318244045944076 0.9365299474686338 0.9410805774232229 0.9454933689801375 0.9497817996447936 0.9539540946151274 0.9580120870730838 0.9619493367610412 0.9657452746539549 0.9693826212029345 0.9727471884694743 0.9756443480089163 0.9783009030211302 0.9804278454377919 0.9824453550331271 0.9853900829304437 0.990124000928489 0.9951194790148682 0.9979808233650851 0.9994165536751122 0.9999262090097918 0.9999962579673046 0.9999997277767024 0.9999999533777811 1.0 1.0
0.0001248717 1.997155e-05 7.288626e-06 1.318155e-05 1.048441e-05 1.584921e-05 3.222399e-05 7.700142e-05 0.0001720625 0.0003563679 0.0006687021 0.001146924 0.001837183 0.002752984 0.003878045 0.005606554 0.007639199 0.009788729 0.01210516 0.01443783 0.01953957 0.02514991 0.03099154 0.03705888 0.04342212 0.05034304 0.05774913 0.06577137 0.07454988 0.08471354 0.1078137 0.1379356 0.1721905 0.2108608 0.2539012 0.3026506 0.3546106 0.4090877 0.4656616 0.5231324 0.5803038 0.6356018 0.6874627 0.7354227 0.7788109 0.817234 0.8504573 0.879057 0.9029521 0.922716 0.9389551 0.9519434 0.9624156 0.9708233 0.9773737 0.9824593 0.9864457 0.9895755 0.9920248 0.9939253 0.9953837 0.9965185 0.9980206 0.9988393 0.9992964 0.9994866 1.0 1.0 1.0 1.0 1.0 1.0 1.0 1.0 1.0 1.0 1.0 0.0
0.0 0.14621489999999998 0.2436915 0.3411681 0.4386447 0.5361213 0.6335979 0.7310744 0.8285511 0.9260276 1.023504 1.120981 1.218458 1.315934 1.413411 1.510887 1.608364 1.70584 1.803317 1.900794 2.047008 2.241962 2.436915 2.631868 2.826821 3.021775 3.216729 3.411682 3.606635 3.801588 4.142756 4.630138 5.117522 5.604904 6.092287 6.57967 7.067054 7.554436 8.04182 8.529202 9.016585 9.503968 9.991351 10.47873 10.96612 11.4535 11.94088 12.42827 12.91565 13.40303 13.89042 14.3778 14.86518 15.35256 15.83995 16.32733 16.81471 17.3021 17.78948 18.27686 18.76424 19.25163 19.9827 20.95747 21.93223 22.907 23.88177 24.85653 25.8313 26.80606 27.53714 28.02452 28.5119 28.99929 29.48667 29.97405 30.46144 30.94882 31.4362 31.92359 32.41097 32.89835 33.25557
1.2777081019559802e-09 4.137543494374971e-09 9.568295803226371e-08 7.91203225607401e-06 0.00011643009098399624 0.0009500174818979733 0.00298533968550639 0.006495117234484524 0.011457787302234132 0.017840264103901514 0.02566723923745274 0.034935272775940704 0.045952517137209846 0.05852173283992183 0.07294690230706773 0.08883873037691246 0.10644589921959756 0.12591818115027453 0.14780302508043971 0.17215258463838579 0.20134478663698982 0.23533343276170998 0.27365396390700447 0.3155911048088747 0.36010484344814775 0.40615239418522064 0.4527365607737655 0.4990547148465855 0.5444339824634971 0.588161447531902 0.6280321774520198 0.6635841253170428 0.694815104111322 0.7221196183020893 0.7456505326318725 0.7658871892842982 0.7832783026596933 0.7983001480188642 0.8113940051841572 0.8229229378817922 0.8332190728119513 0.8425134653087327 0.8510063133819338 0.8588622234339021 0.8661950509892552 0.8730962681369335 0.8796398890975154 0.8858799994693864 0.8918576807156053 0.8976038347934457 0.9031498801274341 0.908504800697308 0.9136733594788403 0.9186690579461934 0.9235053943854599 0.9281905398186653 0.9327333220101437 0.9371415995511136 0.9414253989200259 0.9455925627677518 0.9496469295299208 0.9535875714783202 0.9573347805003163 0.9609416188239978 0.9644459798429637 0.9678257574835799 0.9709788955851065 0.9739095370438066 0.9763529487162294 0.9786695855313557 0.9805273947522152 0.982474746642378 0.9860113135390267 0.9912990997422163 0.9959821633660645 0.9984420229264442 0.9996160674430387 0.9999588662057374 0.9999978735108058 0.9999997053914577 0.9999999442929496 1.0 1.0
0.0001083915 1.588196e-05 2.182102e-05 1.021487e-05 1.225623e-05 1.406616e-05 3.188833e-05 7.421918e-05 0.0001665342 0.0003408645 0.0006378953 0.001103762 0.001738215 0.002647582 0.003762216 0.005277178 0.007032661 0.009014464 0.01089482 0.01303326 0.01736623 0.02221313 0.0274142 0.03287323 0.03875641 0.04511678 0.05206873 0.05960156 0.06783668 0.07719748 0.09916358 0.1276438 0.1610305 0.1985552 0.2425758 0.2917017 0.3453072 0.4023295 0.4608137 0.5207723 0.5788708 0.635595 0.6876009 0.7347351 0.7771737 0.8145447 0.8466416 0.8740055 0.8972386 0.9167942 0.9327853 0.9458858 0.9566702 0.9654495 0.9724665 0.978197 0.9828281 0.9865216 0.9894277 0.9917541 0.9936006 0.9950461 0.9970291 0.9982405 0.9989691 0.9994054 0.999661 0.9998075 0.9998877 0.9999317 0.999946 1.0 1.0 1.0 1.0 1.0 1.0 1.0 1.0 1.0 1.0 1.0 0.0
0.0 0.14621489999999998 0.2436915 0.3411681 0.4386447 0.5361213 0.6335979 0.7310744 0.8285511 0.9260276 1.023504 1.120981 1.218458 1.315934 1.413411 1.510887 1.608364 1.70584 1.803317 1.900794 2.047008 2.241962 2.436915 2.631868 2.826821 3.021775 3.216729 3.411682 3.606635 3.801588 4.142756 4.630138 5.117522 5.604904 6.092287 6.57967 7.067054 7.554436 8.04182 8.529202 9.016585 9.503968 9.991351 10.47873 10.96612 11.4535 11.94088 12.42827 12.91565 13.40303 13.89042 14.3778 14.86518 15.35256 15.83995 16.32733 16.81471 17.3021 17.78948 18.27686 18.76424 19.25163 19.9827 20.95747 21.93223 22.907 23.88177 24.85653 25.8313 26.80606 27.78083 28.7556 29.73036 30.70513 31.67989 32.41097 32.89835 33.38573 33.87312 34.3605 34.84788 35.33527 35.82265 36.31003 36.79742 37.2848 37.77218 38.00637
1.6324881753382967e-06 3.330598254290978e-06 5.235879962716215e-06 1.7724040197889215e-05 0.00013713037329589366 0.001028570003026785 0.0028298735918571797 0.005996297429130697 0.0106919766013862 0.01691546154717093 0.024416500430581207 0.03326300165593639 0.04366272680988802 0.05549559127523682 0.06874397299771577 0.08382263187269584 0.10048443583782994 0.119141324993159 0.13986958380170733 0.1630337191397076 0.19063895546141385 0.22301237902583615 0.2597383466683808 0.30004728758034616 0.34304363343167593 0.38761393170706016 0.43308656448805616 0.4785476314418711 0.5232556863850928 0.5666000736411062 0.606546007567972 0.6424201703706297 0.6742610059253641 0.7021482017815256 0.7263974383593307 0.7472328027271408 0.7651482356997834 0.7806137831597919 0.7940574507077872 0.8058474816154689 0.8163213480546704 0.8257286152444654 0.8343041428046417 0.8421911436736694 0.8495363205367213 0.8564275070185459 0.8629519267881639 0.8691603061636937 0.8751141973441418 0.8808434614954208 0.8863882523697064 0.8917666553209715 0.8969901728476606 0.902076097027991 0.9070440064408857 0.9119031670804552 0.9166684112034591 0.9213435385341011 0.9259402482232185 0.930458626931188 0.9349029343488271 0.9392530486033139 0.9434114201084498 0.9473546605618339 0.9510734373075277 0.9545799261284397 0.957880214582715 0.9610169935717086 0.9640507510383409 0.9670222746887739 0.9699018176821301 0.9725987312646593 0.975111923848926 0.9771665763821952 0.9792335160236257 0.9809476449398788 0.9830092373027658 0.9871320947189636 0.9926263325958845 0.9967747048268003 0.9988405108838436 0.9997592631977973 0.9999783066322422 0.999998839341911 0.9999997692077516 0.9999999557468787 1.0 1.0
0.0002486017 9.028697e-05 4.050897e-05 1.143268e-05 1.298963e-05 1.315328e-05 3.375681e-05 7.447929e-05 0.0001552206 0.000307903 0.0005845028 0.001013691 0.001620502 0.002473752 0.003616266 0.004933438 0.006602294 0.008385326 0.01018633 0.01228987 0.01646382 0.02104967 0.02613085 0.03163512 0.03750872 0.04400546 0.0507828 0.05826148 0.06652217 0.07552027 0.09604026 0.1234528 0.1544525 0.1900186 0.2302238 0.2768834 0.3279952 0.3828905 0.4407941 0.5002668 0.5595551 0.6174097 0.6714193 0.7214693 0.7656879 0.8051559 0.8390364 0.8681007 0.8923326 0.9127606 0.9293644 0.9431813 0.9540936 0.9631407 0.9703555 0.9762768 0.981003 0.9848566 0.9879219 0.9904127 0.9923948 0.99401 0.9962106 0.9976507 0.9985604 0.999128 0.9994753 0.9996884 0.9998163 0.9998931 0.9999387 0.9999653 0.9999803 0.9999885 0.999993 0.9999939 1.0 1.0 1.0 1.0 1.0 1.0 1.0 1.0 1.0 1.0 1.0 0.0
0.0 0.14621489999999998 0.2436915 0.3411681 0.4386447 0.5361213 0.6335979 0.7310744 0.8285511 0.9260276 1.023504 1.120981 1.218458 1.315934 1.413411 1.510887 1.608364 1.70584 1.803317 1.900794 2.047008 2.241962 2.436915 2.631868 2.826821 3.021775 3.216729 3.411682 3.606635 3.801588 4.142756 4.630138 5.117522 5.604904 6.092287 6.57967 7.067054 7.554436 8.04182 8.529202 9.016585 9.503968 9.991351 10.47873 10.96612 11.4535 11.94088 12.42827 12.91565 13.40303 13.89042 14.3778 14.86518 15.35256 15.83995 16.32733 16.81471 17.3021 17.78948 18.27686 18.76424 19.25163 19.9827 20.95747 21.93223 22.907 23.88177 24.85653 25.8313 26.80606 27.78083 28.7556 29.73036 30.70513 31.67989 32.65466 33.62942 34.60419 35.57896 36.55372 37.2848 37.77218 38.25956 38.74695 39.23433 39.72172 40.2091 40.69648 41.18386 41.67124 42.15863 42.64601 42.75716
7.486514177961036e-07 1.563607726720257e-06 2.5413021127153568e-06 1.4852425978796005e-05 0.0002821722571825974 0.001119603683960431 0.0027453970757117 0.005590443311558458 0.01005121147080213 0.016151872116900758 0.023604360739410454 0.03223632304509471 0.04230716358369561 0.05412723604026556 0.06736351674886663 0.0821311532940087 0.09883098030442974 0.11717463136921402 0.13749601527159191 0.16055603098259214 0.18777116463990742 0.21944461694581988 0.25555750539809063 0.2950390542061567 0.33719228496252723 0.3811663872465597 0.4258641243774717 0.47046144529462475 0.5146386785665857 0.5575333837431717 0.5971293116618194 0.6327340467289871 0.6644376719286478 0.6922787310312687 0.7164659607676305 0.7373339457663377 0.7552854041033904 0.7707616422241892 0.7842155897423003 0.7959935264989253 0.806434167670034 0.8157957856785985 0.8242883214265999 0.8320947814909686 0.8393254521724804 0.8460983834169995 0.8524891258176038 0.8585562617885795 0.8643518863147547 0.8699210511801775 0.8752849923384921 0.8804791933872013 0.885515123113548 0.8904134857146635 0.8951850947165392 0.8998473917327982 0.9044191323302535 0.9089049753820959 0.9133235289355895 0.9176833731393718 0.9219967761307981 0.9262529106611285 0.9304202487151788 0.9345096346951248 0.9385214253924334 0.9424469445992264 0.9462420771090558 0.9498614143464073 0.9532664485630286 0.9564418977628764 0.9594050138425729 0.9621732885037741 0.9648042070270059 0.9673647134404174 0.9698941460616274 0.9723535926643652 0.9746686155704738 0.9768193075314537 0.978560402888638 0.9804016547565616 0.9820499225800291 0.9843303572979888 0.9888387571180397 0.9940823566314538 0.9975225228001421 0.9991906296014341 0.9998598540927073 0.9999883690067453 0.9999986122496067 0.9999995809898993 0.9999999667363658 0.9999999999999999 0.9999999999999999
3.34314e-05 6.391235e-05 0.0001255926 1.944541e-05 8.003843e-06 1.610379e-05 3.959297e-05 8.255013e-05 0.0001566374 0.0002939687 0.0005434232 0.0009509717 0.001529349 0.002269601 0.003297667 0.004601433 0.006057903 0.007732151 0.009484354 0.01133154 0.01535867 0.0198344 0.02474468 0.03028095 0.03618051 0.0425229 0.04958814 0.05739488 0.06540764 0.07428531 0.09436359 0.1213705 0.1512664 0.1851951 0.2237847 0.2676122 0.3166474 0.3694836 0.425327 0.4838995 0.5419556 0.5995179 0.654619 0.7052072 0.7515178 0.7926682 0.828445 0.8592741 0.8852216 0.9069005 0.9249074 0.9395559 0.9514185 0.961083 0.9688102 0.9750354 0.9800833 0.984096 0.9873132 0.9898995 0.9919705 0.9936917 0.9959196 0.9974087 0.9983683 0.9989759 0.999359 0.9996017 0.999754 0.9998505 0.9999096 0.9999459 0.9999681 0.9999812 0.9999892 0.9999938 0.9999965 0.999998 0.9999989 0.9999993 0.9999993 1.0 1.0 1.0 1.0 1.0 1.0 1.0 1.0 1.0 1.0 1.0 0.0
0.0 0.14621489999999998 0.2436915 0.3411681 0.4386447 0.5361213 0.6335979 0.7310744 0.8285511 0.9260276 1.023504 1.120981 1.218458 1.315934 1.413411 1.510887 1.608364 1.70584 1.803317 1.900794 2.047008 2.241962 2.436915 2.631868 2.826821 3.021775 3.216729 3.411682 3.606635 3.801588 4.142756 4.630138 5.117522 5.604904 6.092287 6.57967 7.067054 7.554436 8.04182 8.529202 9.016585 9.503968 9.991351 10.47873 10.96612 11.4535 11.94088 12.42827 12.91565 13.40303 13.89042 14.3778 14.86518 15.35256 15.83995 16.32733 16.81471 17.3021 17.78948 18.27686 18.76424 19.25163 19.9827 20.95747 21.93223 22.907 23.88177 24.85653 25.8313 26.80606 27.78083 28.7556 29.73036 30.70513 31.67989 32.65466 33.62942 34.60419 35.57896 36.55372 37.52849 38.50325 39.9654 41.18386 41.67124 42.15863 42.64601 43.13339 43.62078 44.10816 44.59554 45.08292 45.57031 46.05769 46.54508 47.03246 47.50795
1.4268819601024775e-08 3.5189268068078034e-08 1.6359836482489926e-06 2.1009448317066882e-05 0.00015957979658720212 0.0005306660920402062 0.0024020611405067404 0.005383922418821631 0.00975746902895389 0.015543508198807114 0.022738743678073648 0.031275056482030154 0.04115929971227781 0.05261469219974711 0.06540904903093996 0.07951307020312158 0.09562070796856267 0.1137255423867602 0.13361083443508076 0.15592794571278135 0.18262643571672982 0.2137891438657158 0.24901045881178496 0.2880377455073189 0.3296302967451689 0.3731649240056306 0.41756069665896817 0.46194780609034325 0.5059163692086145 0.5487621998903636 0.588412921620048 0.6241947399838169 0.6560158107423287 0.684008786840657 0.7083947036960669 0.729416490730271 0.7474840204695059 0.7630088241300669 0.7764671957948708 0.7882212088390583 0.7985985690023508 0.8078834017920365 0.8162775285851258 0.8239582496145134 0.8310635143642285 0.8376992853081039 0.8439529659038164 0.8498871637774019 0.8555496992097663 0.8609846419405995 0.8662188620445251 0.8712774441272496 0.8761834901140063 0.8809529882274412 0.8855958906079063 0.8901309112234945 0.89456943551998 0.898912650288339 0.9031764838834234 0.9073686627723007 0.9114922402124672 0.9155484241247088 0.9194869079538496 0.9233196758236037 0.9270664171949441 0.9307506565892969 0.9343761480695126 0.9379477021889249 0.9414737426983197 0.9449519498967596 0.9483696571676776 0.9516713279758423 0.9548143438473237 0.9577546385640665 0.96047930322102 0.9630070799593564 0.9653739148112768 0.9676524520624078 0.9699236114883308 0.972227458025478 0.9745042101598559 0.9767142273120435 0.9783898483350257 0.9797786100055126 0.9810156934503039 0.982558102644747 0.9854474417689935 0.9903922574348496 0.9953145381586984 0.9981672040331278 0.9994666042169086 0.9999210412725451 0.9999936654848524 0.9999995106945324 0.9999998246891386 1.0 1.0
5.617049e-05 0.0001514164 2.486833e-05 1.986174e-05 2.561063e-05 5.113329e-05 3.875232e-05 8.412141e-05 0.0001609281 0.0003117838 0.0005490291 0.0009095225 0.001481267 0.002238569 0.003220481 0.004518709 0.005895994 0.007366443 0.009180231 0.01103385 0.01474054 0.01915158 0.02417501 0.02956261 0.03556159 0.04201768 0.0489622 0.05684764 0.06484342 0.0737294 0.09346642 0.1193762 0.1483569 0.180699 0.2172487 0.2591833 0.3059513 0.3576773 0.4119927 0.4688749 0.5270526 0.5841178 0.6396942 0.6913361 0.7391778 0.7814023 0.818645 0.8509762 0.8782749 0.9014043 0.9203604 0.9359608 0.9487309 0.9589868 0.9672972 0.9739419 0.9793186 0.9835837 0.9869773 0.9896834 0.9918268 0.9937038 0.9959221 0.9974396 0.998391 0.9989932 0.9993688 0.9996013 0.9997498 0.9998442 0.9999029 0.9999394 0.9999626 0.9999772 0.9999862 0.9999917 0.9999951 0.999997 0.9999983 0.999999 0.9999994 0.9999997 0.9999999 0.9999999 0.9999999 0.9999999 1.0 1.0 1.0 1.0 1.0 1.0 1.0 1.0 1.0 1.0 0.0
0.0 0.14621489999999998 0.2436915 0.3411681 0.4386447 0.5361213 0.6335979 0.7310744 0.8285511 0.9260276 1.023504 1.120981 1.218458 1.315934 1.413411 1.510887 1.608364 1.70584 1.803317 1.900794 2.047008 2.241962 2.436915 2.631868 2.826821 3.021775 3.216729 3.411682 3.606635 3.801588 4.142756 4.630138 5.117522 5.604904 6.092287 6.57967 7.067054 7.554436 8.04182 8.529202 9.016585 9.503968 9.991351 10.47873 10.96612 11.4535 11.94088 12.42827 12.91565 13.40303 13.89042 14.3778 14.86518 15.35256 15.83995 16.32733 16.81471 17.3021 17.78948 18.27686 18.76424 19.25163 19.9827 20.95747 21.93223 22.907 23.88177 24.85653 25.8313 26.80606 27.78083 28.7556 29.73036 30.70513 31.67989 32.65466 33.62942 34.60419 35.57896 36.55372 37.52849 38.50325 39.9654 41.91494 43.86447 45.08292 45.57031 46.05769 46.54508 47.03246 47.51984 48.00722 48.49461 48.98199 49.46937 49.95676 50.44414 50.93152 51.4189 51.90629 52.25876
6.455133438416527e-10 5.606400383885312e-08 5.338484405494021e-06 3.28474035416957e-05 0.00010257464346833494 0.00033811218574377735 0.0015686476263357973 0.00450193691670597 0.008849780815393329 0.014558010924745587 0.021586486018015254 0.029978112437560225 0.039680798155918906 0.05080398239537878 0.06362786112495408 0.07783546668112562 0.0934966182330563 0.11078447933621753 0.13072574393142555 0.15285086715779453 0.17885055796359547 0.20969987428910306 0.2443661540316665 0.2829264150711151 0.32408081781857273 0.36711057698578303 0.411061836264992 0.4550968452499927 0.49872693128408657 0.5413485101652469 0.5810531092330986 0.6169005529874894 0.6489165960916173 0.677179660698685 0.7018214842996651 0.7230318790518718 0.7412505562455413 0.7569541689706937 0.7705359173909819 0.7823534460473406 0.7927533752108755 0.8020056366256387 0.8103428257364189 0.8179394054134838 0.8249325565167565 0.8314407664217001 0.8375501663080221 0.8433270465651471 0.8488298220699755 0.8541028179152832 0.8591755129841155 0.8640794346613975 0.8688387415161068 0.8734729558435353 0.8779986828143903 0.882423341914276 0.8867618010684897 0.8910230469027656 0.8952142274581123 0.8993414448090311 0.9034082168774769 0.9074079276538477 0.9113009317501898 0.915080710876956 0.9187561973709607 0.9223326985169309 0.9258133540240182 0.9291983216920141 0.9325014748732193 0.9357434972838669 0.9389477512554556 0.9421087807516207 0.9452400971985361 0.948348155186751 0.9514267078713131 0.9544531421078063 0.957376670612457 0.9601518770852162 0.9627337361062527 0.9651163775957121 0.9673252677616697 0.9694245529431739 0.9716319440111134 0.9740445699944178 0.9760412559955088 0.9778231019237502 0.9793913868260746 0.9807756818766903 0.9821683120860112 0.9840672802043644 0.9875291387161188 0.9924578704294077 0.9964989457428352 0.9986646353204937 0.9996624699957939 0.9999589624125292 0.999995804682629 0.9999986781444449 0.9999995566839255 1.0 1.0
0.0002207539 9.157244e-05 1.531336e-05 2.691163e-05 6.678821e-05 0.0001004593 7.782109e-05 9.968595e-05 0.0001776982 0.0003246841 0.0005878526 0.0009583393 0.001494879 0.002230932 0.003196139 0.004428995 0.005824316 0.007357233 0.008858607 0.01086294 0.01478931 0.01901974 0.02412259 0.0294576 0.0354735 0.04209387 0.04922793 0.05725161 0.06525207 0.07413143 0.09341852 0.1196141 0.1478562 0.1788543 0.2142516 0.2551306 0.3002875 0.3492248 0.4024439 0.4588672 0.5164134 0.5733683 0.628939 0.6818769 0.730362 0.7739945 0.8126906 0.846481 0.8750671 0.8989885 0.9188229 0.9352823 0.9485356 0.9592138 0.9677752 0.9746712 0.9801165 0.9844253 0.9878191 0.9905231 0.9926333 0.9945329 0.996546 0.9979354 0.9987776 0.999278 0.9995761 0.9997504 0.9998538 0.9999143 0.9999499 0.9999704 0.9999825 0.9999896 0.9999939 0.9999964 0.9999978 0.9999987 0.9999992 0.9999995 0.9999998 0.9999999 0.9999999 1.0 1.0 1.0 1.0 1.0 1.0 1.0 1.0 1.0 1.0 1.0 1.0 1.0 1.0 1.0 1.0 1.0 0.0
0.0 0.14621489999999998 0.2436915 0.3411681 0.4386447 0.5361213 0.6335979 0.7310744 0.8285511 0.9260276 1.023504 1.120981 1.218458 1.315934 1.413411 1.510887 1.608364 1.70584 1.803317 1.900794 2.047008 2.241962 2.436915 2.631868 2.826821 3.021775 3.216729 3.411682 3.606635 3.801588 4.142756 4.630138 5.117522 5.604904 6.092287 6.57967 7.067054 7.554436 8.04182 8.529202 9.016585 9.503968 9.991351 10.47873 10.96612 11.4535 11.94088 12.42827 12.91565 13.40303 13.89042 14.3778 14.86518 15.35256 15.83995 16.32733 16.81471 17.3021 17.78948 18.27686 18.76424 19.25163 19.9827 20.95747 21.93223 22.907 23.88177 24.85653 25.8313 26.80606 27.78083 28.7556 29.73036 30.70513 31.67989 32.65466 33.62942 34.60419 35.57896 36.55372 37.52849 38.50325 39.9654 41.91494 43.86447 45.814 47.76353 49.71306 50.93152 51.4189 51.90629 52.39367 52.88105 53.36844 53.85582 54.3432 54.83058 55.31797 55.80535 56.29273 56.78012 57.00955
8.871916405818631e-09 6.87644966367609e-08 2.591567190652594e-06 1.817049824919764e-05 0.00014943924451012134 0.0009470670172856601 0.002849067828553048 0.005680479116306822 0.009616568175096867 0.01514185603430506 0.021976873220691258 0.03003894802470386 0.03929896362334831 0.05000346722631545 0.06224595226473443 0.07592237115593754 0.09106642657608786 0.10805283549981039 0.12773403519262058 0.14945658988926278 0.1749634954188251 0.20560686494591418 0.2397907100803721 0.2781265101188382 0.3189036266256914 0.3618042830171072 0.4057202562190325 0.4499207827249391 0.4936390885605491 0.5367275270918392 0.5769361315908166 0.6135528647374329 0.6464204956875174 0.6754995392790641 0.7009495824590872 0.7229858853239667 0.7419658025257962 0.7582838400733358 0.772384442950125 0.7846395112128783 0.7953857185794249 0.804914671797274 0.8134500334052809 0.8211799980471296 0.8282563336786943 0.8347971018634359 0.8408913736943388 0.8466173985428098 0.8520348445275471 0.8571915286442714 0.8621260218573555 0.866870068378927 0.8714501687915989 0.8758882415410665 0.8802027563925221 0.8844108229634602 0.8885245302168928 0.8925510170701106 0.8965096897834428 0.9004050413037942 0.904244199399704 0.9080272681261872 0.9117364990422816 0.9153729858405217 0.9189425195541264 0.9224439016922964 0.9258698796204742 0.9292083941056517 0.9324567244808075 0.9356164679904245 0.9386941410798276 0.9416863749679006 0.9445981616939962 0.9474505560471839 0.9502644284905059 0.9530610872613184 0.955840108335435 0.9586204215498648 0.9614077510453175 0.9641924505502618 0.9669405167438658 0.9696065756935152 0.9719211308559232 0.9738516416264718 0.9757045318152049 0.9778364366081119 0.9799164985910864 0.9814185702691784 0.9826680026880666 0.9839137790596717 0.9858221201659884 0.9893201372392928 0.9939274220246775 0.9973493473816395 0.9990781017954015 0.9998001603566607 0.9999771891539675 0.9999972610690936 0.9999996450066535 0.9999998512318016 1.0 1.0
7.280734e-05 0.0001994273 6.739734e-05 8.518821e-05 6.376323e-05 4.086683e-05 5.737979e-05 0.0001142282 0.0002225423 0.0003748962 0.0006088389 0.0009719178 0.001518712 0.002342097 0.003277407 0.004420392 0.005655591 0.007199305 0.008583281 0.01062401 0.01435533 0.01835542 0.02332505 0.02848242 0.03447521 0.0409259 0.04802049 0.05565979 0.06376956 0.07207846 0.09072485 0.1148788 0.1414645 0.1706389 0.202903 0.2396007 0.2808468 0.3267686 0.3760121 0.4284959 0.4829259 0.5378066 0.5924026 0.6450344 0.6944573 0.7399886 0.7815346 0.8179535 0.8496206 0.8767247 0.8996626 0.9188257 0.9346172 0.9475809 0.9581474 0.9667236 0.9735769 0.9790725 0.9834881 0.9869965 0.9897892 0.9923782 0.9950911 0.9970276 0.9982184 0.9989432 0.9993792 0.9996388 0.9997923 0.999882 0.999934 0.9999633 0.9999799 0.9999891 0.9999942 0.9999969 0.9999984 0.9999992 0.9999995 0.9999998 0.9999999 0.9999999 1.0 1.0 1.0 1.0 1.0 1.0 1.0 1.0 1.0 1.0 1.0 1.0 1.0 1.0 1.0 1.0 1.0 1.0 1.0 0.0
0.0 0.14621489999999998 0.2436915 0.3411681 0.4386447 0.5361213 0.6335979 0.7310744 0.8285511 0.9260276 1.023504 1.120981 1.218458 1.315934 1.413411 1.510887 1.608364 1.70584 1.803317 1.900794 2.047008 2.241962 2.436915 2.631868 2.826821 3.021775 3.216729 3.411682 3.606635 3.801588 4.142756 4.630138 5.117522 5.604904 6.092287 6.57967 7.067054 7.554436 8.04182 8.529202 9.016585 9.503968 9.991351 10.47873 10.96612 11.4535 11.94088 12.42827 12.91565 13.40303 13.89042 14.3778 14.86518 15.35256 15.83995 16.32733 16.81471 17.3021 17.78948 18.27686 18.76424 19.25163 19.9827 20.95747 21.93223 22.907 23.88177 24.85653 25.8313 26.80606 27.78083 28.7556 29.73036 30.70513 31.67989 32.65466 33.62942 34.60419 35.57896 36.55372 37.52849 38.50325 39.9654 41.91494 43.86447 45.814 47.76353 49.71306 51.66259 53.61213 55.56166 57.51119 59.46072 60.67918 61.16656 61.65394 62.14133 62.62871 63.1161 63.60348 64.09086 64.57825 65.06563 65.55301 66.04039 66.51115
1.7552464905649032e-07 5.9594874672616585e-06 2.2850077090369583e-05 6.298812938711372e-05 0.0003678566189953522 0.0010534696750614486 0.0020061040377720597 0.004610233741459879 0.008327196625952486 0.013240227867548363 0.01934563769287247 0.02688855452173185 0.035993413684990816 0.046350596746387675 0.057971334289668525 0.07088331504707163 0.08534905536040457 0.10240629820442604 0.12132287587617119 0.14218827039536058 0.16670197270590903 0.19674446708936916 0.23033642392370118 0.2675188265449183 0.30809599428033596 0.3504417764117394 0.3942642009096188 0.4385183721017694 0.4826213490043258 0.5261547721183443 0.5671707080741129 0.604840663090009 0.6389380309147468 0.6694373025755577 0.6962790265796466 0.7196153694279108 0.7398296292846721 0.757259873340759 0.772357215356882 0.7854644022552619 0.796920207237317 0.8070269764444403 0.8160188546235001 0.8241068424911712 0.831440540990745 0.8381510790507501 0.8443411484190918 0.850094775929844 0.8554893295412493 0.8605814675675967 0.86541288321347 0.8700195560130555 0.8744322572256998 0.8786831045462457 0.8827889226314144 0.8867657375357857 0.8906270907739416 0.8943902093900602 0.8980681024972953 0.9016644286193731 0.9051843744264373 0.9086270155461532 0.911964060629594 0.9151922847901386 0.9183273201824695 0.921372066079581 0.924342516900605 0.9272434245211859 0.9300880353203316 0.9328850617773529 0.9356479964104685 0.9383878645588163 0.9411079428059674 0.9438122214620448 0.9464986704572557 0.9491566155287663 0.9517695506891158 0.9543236778679612 0.9568162675434887 0.9592442090253258 0.9616024576170427 0.9638915530502322 0.9661049853671433 0.9683295105378658 0.9706595460976772 0.9730863691507173 0.975425285397827 0.9773575310579252 0.9788867665837284 0.9803708502246562 0.9821009260874182 0.9837340709400448 0.9849023853650248 0.9859524387725129 0.9872430222718223 0.989557232006287 0.9931285900445833 0.9966149077571017 0.998651120999542 0.9996176086017289 0.9999415455500191 0.9999939404091044 0.999998833178228 0.9999998997673294 1.0 1.0
4.255878e-05 1.503811e-05 3.587051e-05 8.431222e-05 4.935669e-05 8.611216e-05 0.0002108494 0.0001859556 0.0002944334 0.0004658628 0.0007211744 0.001183984 0.001705479 0.002394085 0.003294636 0.00426444 0.00557161 0.0068504 0.008328185 0.01022625 0.01374716 0.01757913 0.02213844 0.0272366 0.03268872 0.03875099 0.04544252 0.05260753 0.05904832 0.06780376 0.08491743 0.1069061 0.1307863 0.1558626 0.1837008 0.2152712 0.2500773 0.2892957 0.3316315 0.3774948 0.4257998 0.4757147 0.5262765 0.5764908 0.6255381 0.6721066 0.7156839 0.7556719 0.7920403 0.8243926 0.8524898 0.8768324 0.897698 0.9155605 0.9304886 0.9429144 0.9532567 0.9618752 0.9690288 0.974851 0.9796227 0.9841459 0.9891968 0.9930043 0.9954973 0.9971128 0.9981653 0.9988405 0.9992732 0.9995474 0.99972 0.9998282 0.9998954 0.9999369 0.9999623 0.9999777 0.9999868 0.9999924 0.9999956 0.9999976 0.9999986 0.9999993 0.9999998 0.9999999 1.0 1.0 1.0 1.0 1.0 1.0 1.0 1.0 1.0 1.0 1.0 1.0 1.0 1.0 1.0 1.0 1.0 1.0 1.0 1.0 1.0 0.0
0.0 0.14621489999999998 0.2436915 0.3411681 0.4386447 0.5361213 0.6335979 0.7310744 0.8285511 0.9260276 1.023504 1.120981 1.218458 1.315934 1.413411 1.510887 1.608364 1.70584 1.803317 1.900794 2.047008 2.241962 2.436915 2.631868 2.826821 3.021775 3.216729 3.411682 3.606635 3.801588 4.142756 4.630138 5.117522 5.604904 6.092287 6.57967 7.067054 7.554436 8.04182 8.529202 9.016585 9.503968 9.991351 10.47873 10.96612 11.4535 11.94088 12.42827 12.91565 13.40303 13.89042 14.3778 14.86518 15.35256 15.83995 16.32733 16.81471 17.3021 17.78948 18.27686 18.76424 19.25163 19.9827 20.95747 21.93223 22.907 23.88177 24.85653 25.8313 26.80606 27.78083 28.7556 29.73036 30.70513 31.67989 32.65466 33.62942 34.60419 35.57896 36.55372 37.52849 38.50325 39.9654 41.91494 43.86447 45.814 47.76353 49.71306 51.66259 53.61213 55.56166 57.51119 59.46072 61.41026 63.35979 65.30932 67.25885 69.20838 70.42684 70.91422 71.4016 71.88899 72.37638 72.86375 73.35114 73.83852 74.3259 74.81329 75.30066 75.78806 76.01274
8.850271255592973e-07 4.6024951949808545e-06 5.337489399124939e-05 0.00020948396058580353 0.00043254722226849027 0.0008506324917541093 0.002035704907255698 0.004289361897017718 0.007672305625656254 0.012260370321678045 0.018579438781358676 0.02623204581548353 0.035056321620062045 0.045063546568698494 0.05617061980118625 0.0684524684522191 0.08249422138961379 0.09909240974558715 0.11737384011517239 0.1376655642833235 0.16172286213657153 0.19078166974558228 0.22403750754389987 0.2605919060266279 0.30041767214177023 0.3426684023835505 0.3860622684535807 0.4303062335967734 0.4744798841476675 0.5182438207785133 0.5597448844255069 0.5981494380883878 0.6332085072422509 0.6646617618914951 0.6924615153831647 0.7168667973474383 0.7380796782470059 0.7564475374636844 0.7723317342957023 0.7861335441215364 0.7982033185868262 0.808838027162755 0.8182674037089492 0.8266828904734456 0.8342768032020262 0.8411902414242282 0.8475227957405093 0.8533658237386372 0.8588025488056519 0.8638944675543453 0.8686893496397213 0.8732424269961689 0.8775741853196904 0.8817181258179488 0.8857040185589143 0.8895531843972938 0.8932754646092743 0.896891896656855 0.9004097614006584 0.9038417644780314 0.9071906070127728 0.9104614675421969 0.9136202598918252 0.9166680551833275 0.9196176408703556 0.9224807174749768 0.9252586754791237 0.9279637395035106 0.9305946649126623 0.9331621087743253 0.9356692409762467 0.938118363441898 0.9405148693281759 0.9428644458563762 0.9451669499467779 0.9474316825717586 0.9496593437152583 0.9518623370452678 0.9540497623530092 0.9562319901515391 0.9584209897314624 0.9606243126981777 0.9628724595376797 0.9651112500701055 0.9672534115942044 0.9692492215353516 0.9710999782827304 0.9728816405679199 0.9746713809286428 0.976569019604357 0.9785331611021162 0.9804050568901915 0.9819004506444559 0.9830881890066975 0.9842916123845702 0.9857005966588859 0.9869685920730622 0.9877992761766443 0.9887374491184466 0.9902278338967234 0.992854613946437 0.9959732862679267 0.9982334442943055 0.9993843001035378 0.9998723268513526 0.9999857317593733 0.9999979879999162 0.9999994105996886 0.9999999522552455 0.9999999999999999 0.9999999999999999
3.953565e-05 6.642283e-05 3.712452e-05 6.926462e-05 0.0001844377 0.0002558384 0.0002299443 0.000279091 0.0003952514 0.000588732 0.0009575619 0.00133638 0.001845583 0.002500481 0.003259778 0.004239394 0.005501474 0.006702309 0.008053686 0.009850739 0.01281951 0.01678755 0.02083403 0.02534414 0.03082067 0.03672071 0.04272066 0.04882548 0.05556246 0.0634356 0.07946029 0.09917653 0.1206527 0.1435139 0.1682861 0.1954566 0.226138 0.2603044 0.2984354 0.3394285 0.3823254 0.4273697 0.4738003 0.5224504 0.5686171 0.6139348 0.6575952 0.7001517 0.7393214 0.7738217 0.805375 0.83381 0.8597659 0.8811381 0.8996354 0.9156788 0.9298226 0.9415111 0.9511194 0.9593762 0.9662606 0.9731882 0.9809995 0.9870603 0.9912633 0.9941319 0.9960609 0.9973854 0.9982558 0.9988546 0.9992443 0.9995067 0.9996786 0.9997922 0.9998661 0.9999144 0.9999455 0.9999655 0.9999785 0.9999866 0.9999917 0.9999955 0.9999981 0.9999993 0.9999998 0.9999999 1.0 1.0 1.0 1.0 1.0 1.0 1.0 1.0 1.0 1.0 1.0 1.0 1.0 1.0 1.0 1.0 1.0 1.0 1.0 1.0 1.0 1.0 1.0 1.0 0.0
0.0 0.14621489999999998 0.2436915 0.3411681 0.4386447 0.5361213 0.6335979 0.7310744 0.8285511 0.9260276 1.023504 1.120981 1.218458 1.315934 1.413411 1.510887 1.608364 1.70584 1.803317 1.900794 2.047008 2.241962 2.436915 2.631868 2.826821 3.021775 3.216729 3.411682 3.606635 3.801588 4.142756 4.630138 5.117522 5.604904 6.092287 6.57967 7.067054 7.554436 8.04182 8.529202 9.016585 9.503968 9.991351 10.47873 10.96612 11.4535 11.94088 12.42827 12.91565 13.40303 13.89042 14.3778 14.86518 15.35256 15.83995 16.32733 16.81471 17.3021 17.78948 18.27686 18.76424 19.25163 19.9827 20.95747 21.93223 22.907 23.88177 24.85653 25.8313 26.80606 27.78083 28.7556 29.73036 30.70513 31.67989 32.65466 33.62942 34.60419 35.57896 36.55372 37.52849 38.50325 39.9654 41.91494 43.86447 45.814 47.76353 49.71306 51.66259 53.61213 55.56166 57.51119 59.46072 61.41026 63.35979 65.30932 67.25885 69.20838 71.15791 73.10745 75.05698 77.0065 78.95604 80.90557 82.8551 84.80464 86.75418 87.97262 88.46002 88.94739 89.43478 89.92216 90.40954 90.89693 91.3843 91.87169 92.35908 92.84646 93.33384 93.82122 94.30861 94.79599 95.0159
6.752991164356842e-06 4.479829555351326e-05 0.0001850046997837076 0.0005349656789278542 0.0011646037746131125 0.0020402582268521634 0.003171724259707709 0.004961072188278096 0.008364533489291524 0.01261854559095036 0.01804232823483388 0.02462064150574066 0.03257319791942993 0.04243550697144506 0.053766569477934734 0.06637123133077766 0.08044750947472112 0.09596492000124743 0.11295309041475539 0.1316025502411243 0.15472764324266197 0.18261267927438118 0.21416300666962876 0.2489334420987153 0.287017529360113 0.3280329655770334 0.37037276959209803 0.41360278529817684 0.45736850217119707 0.5013096595451447 0.5433031908281373 0.5825409196875205 0.618740893418666 0.6515965642062738 0.6809201552519895 0.7069699947411048 0.7296586397349658 0.7495254127665024 0.7668038022234436 0.78183144746872 0.79507227484788 0.8066226828397923 0.8169033779288051 0.8260320014940503 0.8342132545105175 0.8416327768443785 0.8483249470038347 0.854481672917585 0.8601331122449593 0.865369656401649 0.8702653557971344 0.8748391818217064 0.879166759037178 0.8832661167893096 0.8871674135530532 0.8909122803560631 0.8944977658666208 0.8979609776673864 0.9013093473070543 0.9045543701757692 0.9077134455505466 0.9107757264615035 0.9137211286008057 0.9165435731304552 0.9192643518880937 0.9218953554331946 0.9244457603397976 0.9269239985181704 0.9293359681458235 0.9316834660401604 0.9339730387989529 0.9362086454560989 0.9383945529431684 0.9405342802654667 0.9426268042239777 0.9446737846114459 0.9466791046088335 0.9486446042615614 0.9505719661998178 0.9524631882920682 0.954319301893559 0.9561357493031314 0.9578952703074867 0.9595950832244844 0.9612411298674636 0.9628387085232396 0.9643912309426979 0.9659028245858797 0.9673842418104038 0.968852346844617 0.9703411458648344 0.9718847437377507 0.9734768948304705 0.9750582022157991 0.9765567638351604 0.9779350610319172 0.9792145206293126 0.9804426392075919 0.9816998302588387 0.9830240895791277 0.9843763170188823 0.9856042121164676 0.986546650593144 0.9873219463091819 0.9881692488913478 0.9891206796112724 0.9898761695547207 0.9905433462898059 0.9911264469778592 0.9916652275293253 0.9923094228637858 0.9934094021796815 0.9953046012495355 0.99746103334589 0.9988968258448858 0.9996244781685439 0.9999245336249997 0.9999925125370884 0.9999989716185154 0.9999995851545823 0.9999998593543828 1.0 1.0
8.133406e-05 7.094962e-05 8.240232e-05 0.0001140229 0.0002662849 0.000432917 0.000606323 0.0007291165 0.000701453 0.000994425 0.001299844 0.001702624 0.002285479 0.003135153 0.003697884 0.004499273 0.005360452 0.006469418 0.007710768 0.009340672 0.01268417 0.01574885 0.01918032 0.02307979 0.02810419 0.03331761 0.03816268 0.04292039 0.04864224 0.05630327 0.07019635 0.08714209 0.1048156 0.1232718 0.1437891 0.1648305 0.1911306 0.217585 0.2481075 0.2819903 0.31517 0.3561656 0.3931227 0.4352621 0.4774024 0.5166446 0.5625921 0.6006457 0.6416379 0.6797474 0.7131906 0.7501909 0.7778588 0.8069566 0.8317022 0.8527321 0.8746448 0.8903341 0.9064342 0.919614 0.9304998 0.9428589 0.9570523 0.9689716 0.9775985 0.9838994 0.9884689 0.9917672 0.994185 0.9958621 0.9970687 0.9979295 0.9985408 0.9989814 0.9992856 0.9995 0.9996517 0.9997579 0.9998327 0.9998848 0.9999208 0.9999496 0.9999745 0.9999884 0.9999948 0.9999977 0.999999 0.9999996 0.9999998 0.9999999 1.0 1.0 1.0 1.0 1.0 1.0 1.0 1.0 1.0 1.0 1.0 1.0 1.0 1.0 1.0 1.0 1.0 1.0 1.0 1.0 1.0 1.0 1.0 1.0 1.0 1.0 1.0 1.0 1.0 1.0 1.0 1.0 0.0
0.0 0.14621489999999998 0.2436915 0.3411681 0.4386447 0.5361213 0.6335979 0.7310744 0.8285511 0.9260276 1.023504 1.120981 1.218458 1.315934 1.413411 1.510887 1.608364 1.70584 1.803317 1.900794 2.047008 2.241962 2.436915 2.631868 2.826821 3.021775 3.216729 3.411682 3.606635 3.801588 4.142756 4.630138 5.117522 5.604904 6.092287 6.57967 7.067054 7.554436 8.04182 8.529202 9.016585 9.503968 9.991351 10.47873 10.96612 11.4535 11.94088 12.42827 12.91565 13.40303 13.89042 14.3778 14.86518 15.35256 15.83995 16.32733 16.81471 17.3021 17.78948 18.27686 18.76424 19.25163 19.9827 20.95747 21.93223 22.907 23.88177 24.85653 25.8313 26.80606 27.78083 28.7556 29.73036 30.70513 31.67989 32.65466 33.62942 34.60419 35.57896 36.55372 37.52849 38.50325 39.9654 41.91494 43.86447 45.814 47.76353 49.71306 51.66259 53.61213 55.56166 57.51119 59.46072 61.41026 63.35979 65.30932 67.25885 69.20838 71.15791 73.10745 75.05698 77.0065 78.95604 80.90557 82.8551 84.80464 86.75418 88.7037 90.65324 92.60277 94.5523 96.50183 98.45136 100.4009 102.3504 104.3 106.2495 107.468 107.9553 108.4427 108.9301 109.4175 109.9049 110.3922 110.8796 111.367 111.8544 112.3418 112.8292 113.3165 113.8039 114.0191
0.00010844436675907312 0.00027122197435651467 0.0005494554181101649 0.0009117951224659299 0.0013664576661953128 0.0024810361791689603 0.004255165071108081 0.006647223938420324 0.010060821939117988 0.014344113618848716 0.01986819528024769 0.026796762689564473 0.03478219136031239 0.04413522048059848 0.05474205693893266 0.06646846552208054 0.07947863976795273 0.09401843704755868 0.11121648140062404 0.13092110305691212 0.15380629321140063 0.17982926023305945 0.20893181085005177 0.24119360944292187 0.27817272314032093 0.31743557975499576 0.35817058978280586 0.3998771036895641 0.4421966464031639 0.4853570467579833 0.5274592012932219 0.567327887848951 0.6042525352875384 0.638143415038385 0.6686351585193219 0.6960442146522152 0.7200844483910614 0.7413284937449645 0.7598291688884126 0.7761439111545044 0.7903802810515791 0.8030022310484253 0.8141024136012809 0.8240653886904741 0.8329047969326997 0.8409252536697474 0.8481179370492374 0.8547332471314559 0.8607291201195661 0.8663006615899259 0.8714114672839959 0.8762101743295398 0.8806679287020374 0.8848911238653449 0.8888601618380642 0.8926497995577753 0.8962492345428428 0.8997084752767905 0.903026861271003 0.9062338434576982 0.9093292808712885 0.91232408224047 0.9151735610555367 0.9178921142114715 0.9204994643417359 0.9230109900808833 0.9254386647196917 0.9277917727453788 0.9300778472418468 0.9323029321609704 0.9344708737299958 0.9365858272965543 0.9386540467968679 0.9406760521722602 0.9426569859477738 0.9445970940811707 0.9464981781712273 0.9483618850473806 0.9501894373874162 0.9519807891788278 0.9537378306990408 0.9554615098056889 0.9571267040885272 0.9587339276327417 0.9602881054497086 0.9617910006550168 0.9632454283774723 0.9646539820492588 0.9660178479564525 0.9673419502738383 0.9686276438605843 0.969877535116035 0.9710931269759705 0.9722779076066779 0.9734354977741216 0.9745676183460447 0.9756770505693159 0.9767675135093457 0.9778455396871684 0.9789279458373129 0.9800382150699065 0.9811914461798042 0.9823719476474085 0.9835275320878653 0.9846107919791529 0.985599582756787 0.9865178560218705 0.9874009983199576 0.9883045756087655 0.9892434185557248 0.9901752312099887 0.9909739497611793 0.991579094952478 0.9921084265917295 0.9927151809658687 0.9933489413349499 0.9938133066614102 0.9942037110666525 0.9945526891574209 0.9949731075206428 0.9957188937026695 0.9970101100450802 0.998418174311116 0.9993404996048385 0.999784269315101 0.9999589482666482 0.9999956801342336 0.9999996131117866 0.9999998380694407 0.999999935346572 0.9999999999999999 0.9999999999999999
4.787921e-05 0.0001095918 0.0001934804 0.0003712365 0.0006595952 0.0005795063 0.0006767767 0.001196606 0.001698224 0.001916185 0.002072814 0.002324593 0.002838056 0.003378087 0.00400681 0.004830525 0.005662665 0.006900127 0.008906021 0.009943957 0.01215495 0.01530103 0.01866353 0.02231154 0.02684622 0.0305916 0.03469884 0.0393081 0.04382405 0.05077857 0.06247476 0.07658376 0.09230419 0.1082637 0.1262784 0.1436762 0.1656314 0.1873032 0.2138962 0.2397847 0.2715303 0.3012628 0.337633 0.3691924 0.4098746 0.44281 0.4862625 0.518696 0.5627354 0.5940676 0.6365162 0.6653831 0.7038016 0.7297243 0.7628071 0.7853383 0.8126942 0.8319705 0.8542026 0.8701206 0.8875289 0.9025023 0.9245856 0.9429289 0.9570334 0.9677967 0.9759349 0.9820756 0.9866826 0.9901279 0.9926906 0.9945982 0.9960204 0.9970691 0.9978481 0.9984211 0.9988436 0.9991543 0.9993825 0.9995497 0.999673 0.9997765 0.9998749 0.999935 0.9999666 0.999983 0.9999914 0.9999956 0.9999979 0.999999 0.9999995 0.9999998 0.9999999 0.9999999 1.0 1.0 1.0 1.0 1.0 1.0 1.0 1.0 1.0 1.0 1.0 1.0 1.0 1.0 1.0 1.0 1.0 1.0 1.0 1.0 1.0 1.0 1.0 1.0 1.0 1.0 1.0 1.0 1.0 1.0 1.0 1.0 1.0 1.0 1.0 1.0 1.0 0.0
0.0 0.14621489999999998 0.2436915 0.3411681 0.4386447 0.5361213 0.6335979 0.7310744 0.8285511 0.9260276 1.023504 1.120981 1.218458 1.315934 1.413411 1.510887 1.608364 1.70584 1.803317 1.900794 2.047008 2.241962 2.436915 2.631868 2.826821 3.021775 3.216729 3.411682 3.606635 3.801588 4.142756 4.630138 5.117522 5.604904 6.092287 6.57967 7.067054 7.554436 8.04182 8.529202 9.016585 9.503968 9.991351 10.47873 10.96612 11.4535 11.94088 12.42827 12.91565 13.40303 13.89042 14.3778 14.86518 15.35256 15.83995 16.32733 16.81471 17.3021 17.78948 18.27686 18.76424 19.25163 19.9827 20.95747 21.93223 22.907 23.88177 24.85653 25.8313 26.80606 27.78083 28.7556 29.73036 30.70513 31.67989 32.65466 33.62942 34.60419 35.57896 36.55372 37.52849 38.50325 39.9654 41.91494 43.86447 45.814 47.76353 49.71306 51.66259 53.61213 55.56166 57.51119 59.46072 61.41026 63.35979 65.30932 67.25885 69.20838 71.15791 73.10745 75.05698 77.0065 78.95604 80.90557 82.8551 84.80464 86.75418 88.7037 90.65324 92.60277 94.5523 96.50183 98.45136 100.4009 102.3504 104.3 106.2495 108.199 110.1486 112.0981 114.0476 115.9971 117.9467 119.8962 121.8457 123.7953 125.7448 126.9633 127.4506 127.938 128.4254 128.9128 129.4002 129.8876 130.375 130.8623 131.3497 131.8371 132.3245 132.8119 133.0223
0.00012086692934570177 0.0003934250588488781 0.0009046716051806646 0.0019182037441868856 0.0033237830197267635 0.00505360291501024 0.007319886821196852 0.010481702185311394 0.014707444702413794 0.01969753198044763 0.0255208185214954 0.03255573402272964 0.040800643661064506 0.05018970015963672 0.060790041668603315 0.07253231771877419 0.0854914541630063 0.09984718812228163 0.11557755776543129 0.13404901616831283 0.15623841046451523 0.18166533196665843 0.21012193308927113 0.24117352498955874 0.2747789908053385 0.31127554995313833 0.35060803883111824 0.3911550314101395 0.43246871355348965 0.4741584177454677 0.515681722425068 0.5554350869523406 0.5927600215734776 0.6269740364825125 0.6582993105062535 0.6863660381700926 0.7114260671551264 0.7337897081145185 0.7531936950833342 0.7704816180053436 0.7856351328916351 0.799047055882537 0.8110141774319783 0.8215879201570234 0.8311462933717656 0.8396591483907253 0.8473902522414976 0.8544160042408635 0.8607927187362637 0.8666858950258053 0.8720634990695927 0.8770751999827098 0.8817313120126251 0.886075975382657 0.8901815830314527 0.8940312746251298 0.8977002065902947 0.9011836150100127 0.9045100668253484 0.9077088406561964 0.9107742609063577 0.9137291790055377 0.9165127782610544 0.9191459606291617 0.9216581384880064 0.9240635097453027 0.9263764162581216 0.928611777379482 0.9307795876109348 0.9328857144811554 0.9349347664927286 0.9369307886650609 0.9388807317563582 0.9407894976881019 0.9426568919800392 0.9444842382019254 0.946273132960203 0.9480314386923415 0.9497560326739322 0.951447436349845 0.9531067647968132 0.9547341203505157 0.9563083424554107 0.9578322727312616 0.9593046249756978 0.9607299210669119 0.9621095648296109 0.96344657962493 0.9647420015485393 0.9659987571460772 0.9672157661604188 0.9683984477116219 0.9695452841743075 0.9706611303360965 0.9717453467051532 0.9728003494226097 0.9738281856266732 0.9748305555333526 0.9758096914192619 0.9767654951950157 0.9777006942550763 0.9786164423174504 0.9795147100870576 0.9803966249548831 0.9812643856518201 0.9821178333664831 0.9829606432660949 0.9837937745884092 0.9846247025089072 0.9854643850131873 0.9863285924115315 0.9872210266228131 0.9881181580842183 0.9889805769436436 0.9897764911999363 0.9904982027471942 0.9911660606742279 0.9918125414847391 0.9924705182862642 0.9931411295101521 0.993785297364469 0.9943085554018735 0.994712821673243 0.9950931456420484 0.9955299733429946 0.995943721163633 0.9962397965416981 0.9965034438238101 0.9968159778363708 0.9973545395163763 0.998194721384799 0.9990650999218204 0.9996127096045047 0.999882038852256 0.9999793936285922 0.999997786789585 0.9999996396386224 0.9999999511395117 0.999999979252991 1.0 1.0
0.0001712275 0.0002024293 0.0002502733 0.0002697952 0.0004034315 0.0006284607 0.001106571 0.002136359 0.002356487 0.002741467 0.003151509 0.003483526 0.003856691 0.004298156 0.004739935 0.005242067 0.005819608 0.006456897 0.007477886 0.01056828 0.01308042 0.01583733 0.018567 0.02121934 0.02371496 0.02769428 0.03242357 0.03662775 0.04057807 0.0452074 0.05647532 0.06987552 0.08180828 0.09840379 0.1117825 0.1283485 0.1454921 0.1628192 0.1875575 0.2079964 0.235133 0.2616227 0.2888525 0.3224641 0.3499937 0.38783 0.4183852 0.4531246 0.4909194 0.5207256 0.5628058 0.5920737 0.6266604 0.6601136 0.6859173 0.7215143 0.7436462 0.7711058 0.7943087 0.8130682 0.8370861 0.8544255 0.8838442 0.9091042 0.9289546 0.9447172 0.9572283 0.9671316 0.9750993 0.9808451 0.9853081 0.9887721 0.9914474 0.9935774 0.9951196 0.9962755 0.9971704 0.9978639 0.9983926 0.998795 0.9990865 0.9993471 0.9996091 0.9997799 0.9998778 0.9999317 0.9999623 0.9999794 0.9999887 0.9999939 0.9999967 0.9999983 0.9999991 0.9999995 0.9999998 0.9999999 0.9999999 1.0 1.0 1.0 1.0 1.0 1.0 1.0 1.0 1.0 1.0 1.0 1.0 1.0 1.0 1.0 1.0 1.0 1.0 1.0 1.0 1.0 1.0 1.0 1.0 1.0 1.0 1.0 1.0 1.0 1.0 1.0 1.0 1.0 1.0 1.0 1.0 1.0 1.0 1.0 1.0 1.0 1.0 1.0 0.0
0.0 0.14621489999999998 0.2436915 0.3411681 0.4386447 0.5361213 0.6335979 0.7310744 0.8285511 0.9260276 1.023504 1.120981 1.218458 1.315934 1.413411 1.510887 1.608364 1.70584 1.803317 1.900794 2.047008 2.241962 2.436915 2.631868 2.826821 3.021775 3.216729 3.411682 3.606635 3.801588 4.142756 4.630138 5.117522 5.604904 6.092287 6.57967 7.067054 7.554436 8.04182 8.529202 9.016585 9.503968 9.991351 10.47873 10.96612 11.4535 11.94088 12.42827 12.91565 13.40303 13.89042 14.3778 14.86518 15.35256 15.83995 16.32733 16.81471 17.3021 17.78948 18.27686 18.76424 19.25163 19.9827 20.95747 21.93223 22.907 23.88177 24.85653 25.8313 26.80606 27.78083 28.7556 29.73036 30.70513 31.67989 32.65466 33.62942 34.60419 35.57896 36.55372 37.52849 38.50325 39.9654 41.91494 43.86447 45.814 47.76353 49.71306 51.66259 53.61213 55.56166 57.51119 59.46072 61.41026 63.35979 65.30932 67.25885 69.20838 71.15791 73.10745 75.05698 77.0065 78.95604 80.90557 82.8551 84.80464 86.75418 88.7037 90.65324 92.60277 94.5523 96.50183 98.45136 100.4009 102.3504 104.3 106.2495 108.199 110.1486 112.0981 114.0476 115.9971 117.9467 119.8962 121.8457 123.7953 125.7448 127.6943 129.6439 131.5934 133.5429 135.4925 137.442 139.3915 141.3411 143.2906 144.5091 144.9964 145.4838 145.9712 146.4586 146.946 147.4333 147.9207 148.4081 148.8955 149.3829 149.8703 150.3576 150.845 151.3324 151.8198 152.0255
0.00035192717314805837 0.0009127574812040068 0.0019340362367727389 0.003988585189605403 0.0065307911966167925 0.009635895250374176 0.013341891890185049 0.017772712623536732 0.02330270216979806 0.02964221586863135 0.036704882242433706 0.04455852973971814 0.053402659288560195 0.06320393162590282 0.07400699004901255 0.0859776907084698 0.09918433729746905 0.11494181728175099 0.13239885286887076 0.1514189003212807 0.17297262568462307 0.19727016772997769 0.22387507362299033 0.2526885009564255 0.2838353499731344 0.3184926574784362 0.3553902344661857 0.39343938023623404 0.43243014272076935 0.4720853609188548 0.511893917662071 0.5505502182155025 0.5874557810112033 0.6214626482778025 0.6525350111772017 0.6809935198419491 0.7063525718024621 0.7290217091630061 0.7492681891648163 0.7669454115534242 0.7826240009205805 0.7967329971322593 0.8091195665908042 0.8202519229023625 0.8302640129317584 0.839139351629103 0.8472405082538047 0.8546234386238515 0.8612780268167378 0.8674042447619643 0.8730195746745999 0.8781743840043693 0.8829931529117716 0.887458051234739 0.8916233548861757 0.8955611864897527 0.8992456413913987 0.9027445323395792 0.9060883921077767 0.9092470749074637 0.9122844621103431 0.9151874212631587 0.9179013713628934 0.9204445736864334 0.9228511991750282 0.9251455553211589 0.9273359079876781 0.9294443781172061 0.9314826227828592 0.9334531764814964 0.9353669880867929 0.9372321439718692 0.9390491991546213 0.9408228424330226 0.9425593988045928 0.9442583556839972 0.9459225068310417 0.9475561676371642 0.9491579488603229 0.9507272522014099 0.9522709614947709 0.953782876918941 0.9552491306643842 0.9566695678522535 0.9580423316336864 0.9593742269184655 0.960665110708861 0.961916025148567 0.9631309741740255 0.9643099310527228 0.9654533824861317 0.9665651669237064 0.9676457761588274 0.9686953425810844 0.9697153852761558 0.9707093158219332 0.971676282596921 0.972617829722008 0.9735366788216471 0.9744322298994279 0.975305731745616 0.9761595266375702 0.9769933239122487 0.977808085515806 0.978606056979362 0.9793873108625957 0.9801526762977459 0.9809028916113716 0.9816399273715984 0.9823638637759663 0.9830756784706772 0.9837771413178441 0.9844673111632672 0.9851487233524573 0.9858223444991503 0.9864875996421468 0.9871470046079794 0.987802749765439 0.9884587104803079 0.989125327284182 0.989809284154046 0.9905055604693007 0.9911908815459959 0.9918346089535726 0.992420031052267 0.9929503413166084 0.9934429434614283 0.9939226062211435 0.9944086601731734 0.9948941395883294 0.9953423678826441 0.9956942004311813 0.9959770558817835 0.9962610693169712 0.9965730653287347 0.9968346298176066 0.997068781599195 0.9972757854526794 0.9974596571956184 0.9976428869339117 0.997882540945665 0.9983002699882199 0.9989087877054574 0.9994549359231348 0.9997802502427713 0.9999369664197454 0.9999903652516169 0.9999990239126856 0.9999997787412672 0.9999999255541088 0.9999999945155066 1.0 1.0
0.0002757022 0.000459263 0.0009021815 0.0009793441 0.001113833 0.001268399 0.001403791 0.001569793 0.001667757 0.001921611 0.00225945 0.002624809 0.002975821 0.003539794 0.004358992 0.005314591 0.007300334 0.009488976 0.01031848 0.01136727 0.01288175 0.01464028 0.01678978 0.01908443 0.02195857 0.02790032 0.03186289 0.03500249 0.03816506 0.04202742 0.05224337 0.06533679 0.07477242 0.08825704 0.1019212 0.1135005 0.1300516 0.1460347 0.1622221 0.1854761 0.2066356 0.2260564 0.2552746 0.2791927 0.3052787 0.3401068 0.3656864 0.3947192 0.4313069 0.4596519 0.493634 0.5289924 0.5554806 0.5906186 0.6227351 0.6473039 0.681209 0.7067258 0.7275524 0.758687 0.7783561 0.8015693 0.8356407 0.8684856 0.8934685 0.9145144 0.9333265 0.9469197 0.9579016 0.9672372 0.974452 0.9798518 0.9842256 0.9879446 0.9905128 0.992551 0.9943378 0.9955868 0.9965395 0.9973397 0.997968 0.9984865 0.9990472 0.9994428 0.9996659 0.9998049 0.9998854 0.9999325 0.9999613 0.9999773 0.999987 0.9999926 0.9999958 0.9999976 0.9999987 0.9999992 0.9999996 0.9999998 0.9999999 0.9999999 1.0 1.0 1.0 1.0 1.0 1.0 1.0 1.0 1.0 1.0 1.0 1.0 1.0 1.0 1.0 1.0 1.0 1.0 1.0 1.0 1.0 1.0 1.0 1.0 1.0 1.0 1.0 1.0 1.0 1.0 1.0 1.0 1.0 1.0 1.0 1.0 1.0 1.0 1.0 1.0 1.0 1.0 1.0 1.0 1.0 1.0 1.0 1.0 1.0 1.0 1.0 1.0 0.0
0.0 0.14621489999999998 0.2436915 0.3411681 0.4386447 0.5361213 0.6335979 0.7310744 0.8285511 0.9260276 1.023504 1.120981 1.218458 1.315934 1.413411 1.510887 1.608364 1.70584 1.803317 1.900794 2.047008 2.241962 2.436915 2.631868 2.826821 3.021775 3.216729 3.411682 3.606635 3.801588 4.142756 4.630138 5.117522 5.604904 6.092287 6.57967 7.067054 7.554436 8.04182 8.529202 9.016585 9.503968 9.991351 10.47873 10.96612 11.4535 11.94088 12.42827 12.91565 13.40303 13.89042 14.3778 14.86518 15.35256 15.83995 16.32733 16.81471 17.3021 17.78948 18.27686 18.76424 19.25163 19.9827 20.95747 21.93223 22.907 23.88177 24.85653 25.8313 26.80606 27.78083 28.7556 29.73036 30.70513 31.67989 32.65466 33.62942 34.60419 35.57896 36.55372 37.52849 38.50325 39.9654 41.91494 43.86447 45.814 47.76353 49.71306 51.66259 53.61213 55.56166 57.51119 59.46072 61.41026 63.35979 65.30932 67.25885 69.20838 71.15791 73.10745 75.05698 77.0065 78.95604 80.90557 82.8551 84.80464 86.75418 88.7037 90.65324 92.60277 94.5523 96.50183 98.45136 100.4009 102.3504 104.3 106.2495 108.199 110.1486 112.0981 114.0476 115.9971 117.9467 119.8962 121.8457 123.7953 125.7448 127.6943 129.6439 131.5934 133.5429 135.4925 137.442 139.3915 141.3411 143.2906 145.2401 147.1897 149.1392 151.0887 153.0383 154.9878 156.9373 158.8869 160.8364 162.7859 164.7354 166.685 168.6345 170.584 172.5336 174.4831 176.4326 178.3822 180.3317 182.2812 183.4997 183.9871 184.4745 184.9618 185.4492 185.9366 186.424 186.9114 187.3988 187.8861 188.3735 188.8609 189.3483 189.8357 190.0318
0.0007441463876411476 0.0020819148071635893 0.004023474134680805 0.006649344779027208 0.010094281015214694 0.014348974336312352 0.019439940632902483 0.025461199975891243 0.032478055727941976 0.04038635793537521 0.04944378129840536 0.05968700471376303 0.07098406717129707 0.0832422986920935 0.09646224434434789 0.11076448998425273 0.1261825782699979 0.14262889997122377 0.16092573658212536 0.18112619870911406 0.20331491447880284 0.2276566621995493 0.2540004537883441 0.28213012358448286 0.3116023676244962 0.3424149217789563 0.37445819379789247 0.4077033831164163 0.4430942291940284 0.47924210790999167 0.5157372202235363 0.551769628338681 0.5863613163920877 0.6187385852371169 0.6487219690739563 0.6764742713869624 0.7015536640896263 0.7243212590543555 0.7449486395562878 0.7634727276764256 0.7797786230391397 0.7944166390731895 0.8076405008307875 0.8194332357268898 0.8299917894790579 0.8396014088525384 0.8483498665981496 0.8561614862861829 0.863303611288076 0.869874768969429 0.8758753073353209 0.8813524334843217 0.886437689143355 0.8911715183725332 0.8955218334264655 0.8995834103437171 0.9034044746618172 0.906994686247041 0.9103514803438869 0.9135398290812685 0.9165777570258475 0.9194333210849464 0.9220655983770071 0.9244893472523498 0.9267529898923376 0.9288699567773097 0.9308768303688542 0.9327811342852032 0.9346045408570963 0.9363554575518089 0.9380441278778691 0.9396795790031619 0.9412631019007445 0.9428080884768993 0.9443099714794305 0.9457809956557102 0.9472156595905121 0.9486212185608028 0.9499982931057585 0.9513481850998005 0.9526741716606337 0.953973591178331 0.955235677717463 0.9564569155881679 0.9576417571590377 0.9587906162626175 0.9599065800813106 0.9609913731270311 0.9620463069177141 0.9630726036639676 0.9640713052846115 0.9650436130260923 0.9659905545516003 0.9669131051139223 0.9678127946775549 0.9686904437797743 0.9695453526368738 0.9703795547725064 0.9711938510176361 0.9719894220738313 0.9727669153143952 0.9735255542267904 0.9742669920447827 0.9749918929130043 0.9757012589183682 0.976395569720887 0.9770742739631166 0.9777387041271534 0.9783894115704415 0.9790268482803002 0.9796515094302206 0.9802638730030823 0.9808643985333022 0.9814536004814006 0.9820318650072297 0.9825998382262431 0.9831582203414301 0.9837066365135857 0.9842452112698283 0.984774869968241 0.9852959811587804 0.9858089163263859 0.9863140922385858 0.9868118363555805 0.9873024975210151 0.9877864757310886 0.9882643152154301 0.9887364344187006 0.9892026396320491 0.9896636918545332 0.9901199759881555 0.9905718853205835 0.991019853390674 0.991464242878419 0.9919055766300029 0.9923443292740391 0.9927809079345413 0.9932174815636449 0.993657899181377 0.9941055238585045 0.9945553501918587 0.9949942307172791 0.9954074473356355 0.9957851745637772 0.9961270937464515 0.9964405452751202 0.9967375718026397 0.9970308503573897 0.9973227259904609 0.9976019920997521 0.9978362154504931 0.9980199596163577 0.9981841895022538 0.9983602054396716 0.9985270575228719 0.9986460488449506 0.9987455170821132 0.9988432914150372 0.9989857760149123 0.9992294504288814 0.99954709688624 0.9997937867851805 0.9999259893024707 0.9999824935873244 0.9999977346584243 0.9999997468992605 0.9999999648162673 0.9999999813382486 0.9999999925399032 1.0 1.0
0.001938172 0.001542489 0.001454051 0.001494907 0.001538329 0.001642801 0.001837293 0.002015614 0.002234518 0.002507297 0.00278666 0.003258124 0.003904691 0.00460953 0.005370939 0.006048997 0.006666302 0.00773043 0.01043575 0.01144859 0.01277604 0.01429958 0.01580093 0.01758006 0.01999871 0.02288973 0.0259205 0.02938017 0.03456064 0.03811499 0.04504006 0.05343079 0.06405845 0.07490392 0.08476217 0.09443168 0.1080787 0.1195954 0.1313636 0.1454137 0.1647444 0.1809508 0.1970962 0.2189216 0.2414234 0.2607689 0.2812588 0.3121469 0.3357045 0.3583649 0.3863175 0.4175407 0.4422186 0.466186 0.5014852 0.5286302 0.5531021 0.5790014 0.6124963 0.6348637 0.6566965 0.6888345 0.7281789 0.7706325 0.8044515 0.8393846 0.8642123 0.8897544 0.9082804 0.9256577 0.9391146 0.950509 0.9601231 0.9673434 0.9741246 0.9787412 0.983242 0.9862601 0.9891217 0.991201 0.9929476 0.9945996 0.9963826 0.9976878 0.998525 0.9990648 0.9994075 0.9996238 0.9997622 0.9998497 0.9999055 0.9999407 0.9999629 0.9999769 0.9999856 0.9999912 0.9999946 0.9999967 0.999998 0.9999987 0.9999993 0.9999995 0.9999997 0.9999999 0.9999999 1.0 1.0 1.0 1.0 1.0 1.0 1.0 1.0 1.0 1.0 1.0 1.0 1.0 1.0 1.0 1.0 1.0 1.0 1.0 1.0 1.0 1.0 1.0 1.0 1.0 1.0 1.0 1.0 1.0 1.0 1.0 1.0 1.0 1.0 1.0 1.0 1.0 1.0 1.0 1.0 1.0 1.0 1.0 1.0 1.0 1.0 1.0 1.0 1.0 1.0 1.0 1.0 1.0 1.0 1.0 1.0 1.0 1.0 1.0 1.0 1.0 1.0 1.0 1.0 1.0 0.0
