0.25 0.5 1.0 2.0 3.0 4.0 5.0 6.0 7.0 8.0 9.0 10.0 12.0 14.0 16.0 18.0 20.0 22.0 24.0 26.0 28.0 30.0 35.0 40.0 45.0 50.0 55.0 60.0 70.0 80.0 100.0 120.0 140.0 160.0 200.0
0.0 0.7376365
1.0 1.0
0.0 0.0
0.0 0.7376365
1.0 1.0
0.0 0.0
0.0 0.7376365 0.9176965
0.9606179208632883 1.0 1.0
0.0 0.0 0.0
0.0 0.7376365 1.216621 1.695606 1.835393
0.010883873615899096 0.24980214463851086 0.837781308047634 1.0 1.0
0.0 0.0 0.0 0.0 0.0
0.0 0.7376365 1.216621 1.695606 2.174591 2.653576 2.753089
0.0008788342219065517 0.0018212764936556638 0.03488254088545845 0.3290515094891003 0.8333916115931238 0.9999999999999999 0.9999999999999999
0.0 0.0 0.0 0.0 0.0 0.0 0.0
0.0 0.7376365 1.216621 1.695606 2.174591 2.653576 3.13256 3.611545 3.670786
6.392545846702117e-07 0.012238154623347614 0.11011267640452259 0.14755358592602316 0.19389009314767686 0.472176450270231 0.8673354029597757 1.0 1.0
0.0 0.0 0.0 0.0 0.0 0.0 0.0 0.0 0.0
0.0 0.7376365 1.216621 1.695606 2.174591 2.653576 3.13256 3.611545 4.09053 4.569515 4.588482
5.710368672830315e-07 0.010690402803466947 0.015673997684163964 0.14409710955988037 0.36623052178891835 0.44277725524681466 0.48451432154255725 0.6799002811723721 0.9214478663359675 1.0 1.0
0.0 0.0 0.0 0.0 0.0 0.0 0.0 0.0 0.0 0.0 0.0
0.0 0.7376365 1.216621 1.695606 2.174591 2.653576 3.13256 3.611545 4.09053 4.569515 5.0485 5.506178
6.675073181185998e-07 0.0037766615968872447 0.003969281208857937 0.10442812397902855 0.15357357863928675 0.3611851297965718 0.5968591160284308 0.6747727449835966 0.7107317948666672 0.848535727187412 1.0 1.0
0.0 0.0 0.0 0.0 0.0 0.0 0.0 0.0 0.0 0.0 0.0 0.0
0.0 0.07184771000000001 0.1436954 0.2394924 0.3352893 0.6226801999999999 1.101665 1.58065 2.059635 2.538619 3.017604 3.496589 3.975574 4.454558 4.933543 5.412528 5.891513 6.370498 6.423875
4.611340848876644e-14 1.274523885880167e-13 1.885677633820647e-08 9.974616972642614e-07 1.149748481015638e-05 0.003934665804372865 0.00856935387196737 0.04887538264722488 0.06398187242171638 0.24284005927734675 0.28100920653725736 0.4673560725912379 0.6527817310838384 0.7472029468311262 0.7689510309353926 0.8502720268053323 0.9580639636841632 1.0 1.0
1.0 0.9999942 0.07928855 0.1131018 0.1328665 0.1343406 0.1343406 0.1343406 0.1343406 0.1343406 0.1343406 0.1343406 0.1343406 0.1343406 0.1343406 0.1343406 0.1343406 0.1343406 0.0
0.0 0.07184771000000001 0.1436954 0.2394924 0.3352893 0.4310863 0.5268832 0.6226801999999999 0.7184771 0.8142741 0.9100711 1.005868 1.101665 1.197462 1.484853 1.963838 2.442822 2.921807 3.400792 3.879777 4.358762 4.837746 5.316731 5.795716 6.2747 6.753686 7.23267 7.341572
4.5561428131210223e-14 1.2619741048067e-12 1.4743299905951711e-08 1.1647274143661372e-06 1.312537684308705e-05 8.437570499751754e-05 0.00030316350534071427 0.0008140875379469805 0.0018745370675293993 0.00378708963883587 0.006908189617479539 0.011618712773680354 0.01829687454586968 0.027325272470636538 0.06615054824393203 0.1129981299298582 0.16043983263861533 0.1916801420917688 0.35604322188225035 0.3966848449932818 0.5466988541695481 0.7013897439434832 0.7973391045335553 0.8168368215530238 0.8740825234899111 0.9604694515438047 1.0 1.0
1.0 0.06641446 0.1009661 0.09082379 0.1106363 0.1216469 0.1257778 0.128544 0.1315187 0.1343561 0.1368297 0.139357 0.1419115 0.1444404 0.1563017 0.1563017 0.1563017 0.1563017 0.1563017 0.1563017 0.1563017 0.1563017 0.1563017 0.1563017 0.1563017 0.1563017 0.1563017 0.0
0.0 0.07184771000000001 0.1436954 0.2394924 0.3352893 0.4310863 0.5268832 0.6226801999999999 0.7184771 0.8142741 0.9100711 1.005868 1.101665 1.197462 1.293259 1.389056 1.484853 1.58065 1.676447 1.772244 1.868041 2.011736 2.347026 2.82601 3.304995 3.78398 4.262964 4.741949 5.220934 5.699918 6.178904 6.657888 7.136873 7.615858 8.094844 8.259268
4.02985081793934e-14 3.814221560373041e-12 4.125296420890566e-08 9.295046217974592e-07 1.1713707798668569e-05 6.285614154405493e-05 0.00023757959241269626 0.0006724484508930846 0.0015805406759986805 0.003210533928868621 0.005872302379193107 0.009889031196899073 0.015559393984313339 0.023225068896766364 0.033276032657611775 0.048814690098145076 0.06524547591275379 0.08386079549755761 0.10575777976759132 0.13108811230764217 0.1599689046123303 0.1960183662982442 0.2647990137901611 0.3233210312488825 0.3557618098855415 0.3836071199330077 0.4914244890147131 0.5327737807948841 0.6378066438569179 0.7574407444920667 0.8432091878084986 0.8619791126199328 0.9001702627021454 0.9653331922192736 1.0 1.0
1.0 0.01969869 0.03328169 0.1149719 0.1199726 0.1398746 0.1419424 0.1478075 0.1501739 0.1498151 0.1525787 0.1557942 0.1525507 0.1558493 0.1590174 0.1622672 0.1654451 0.1686429 0.1717888 0.1749148 0.1779993 0.1840345 0.1783899 0.1783899 0.1783899 0.1783899 0.1783899 0.1783899 0.1783899 0.1783899 0.1783899 0.1783899 0.1783899 0.1783899 0.1783899 0.0
0.0 0.07184771000000001 0.1436954 0.2394924 0.3352893 0.4310863 0.5268832 0.6226801999999999 0.7184771 0.8142741 0.9100711 1.005868 1.101665 1.197462 1.293259 1.389056 1.484853 1.58065 1.676447 1.772244 1.868041 2.011736 2.20333 2.394924 2.586518 2.778112 2.969706 3.304996 3.78398 4.262965 4.74195 5.220935 5.69992 6.178904 6.657889 7.136874 7.615858 8.094844 8.573828 9.052813 9.176965
3.516613091857896e-14 1.0831273821315075e-13 2.648991876349006e-07 2.553296474417416e-06 1.2080047503176886e-05 5.9211454466802345e-05 0.00021002351687898334 0.0005851733398892193 0.0013601135421830305 0.0027556466332172274 0.0050368573694852216 0.008483138902828579 0.013372785443497655 0.019998411553575474 0.028630184550457113 0.039524120900456 0.052907425458823994 0.06901674518696457 0.08796942946375304 0.10981275563559634 0.13471392810517302 0.16562268193393348 0.20725336753314388 0.2517767838955857 0.29864511303380925 0.3490114523806348 0.4024723760821644 0.4902276271506704 0.5315451231879199 0.5595364736959966 0.5795321889324432 0.6462855232937554 0.677565170788701 0.7511908814509075 0.8350414260067383 0.8919210954577793 0.9056668291946204 0.9344140194209825 0.9785075298329445 1.0 1.0
1.0 0.995589 0.005039052 0.04308559 0.1302448 0.1445287 0.1441767 0.1497533 0.1445348 0.148659 0.1518579 0.155174 0.1586802 0.1618679 0.1652369 0.1685939 0.171919 0.1752912 0.1786269 0.1782034 0.1816548 0.1828127 0.1900968 0.1973064 0.2044251 0.2114869 0.21841 0.1925976 0.1925976 0.1925976 0.1925976 0.1925976 0.1925976 0.1925976 0.1925976 0.1925976 0.1925976 0.1925976 0.1925976 0.1925976 0.0
0.0 0.07184771000000001 0.1436954 0.2394924 0.3352893 0.4310863 0.5268832 0.6226801999999999 0.7184771 0.8142741 0.9100711 1.005868 1.101665 1.197462 1.293259 1.389056 1.484853 1.58065 1.676447 1.772244 1.868041 2.011736 2.20333 2.394924 2.586518 2.778112 2.969706 3.161301 3.352894 3.544488 3.736082 4.07137 4.550356 5.02934 5.508325 5.98731 6.466294 6.945279 7.424264 7.903249 8.382234 8.861218 9.340203 9.819188 10.29817 10.77716 11.01236
1.9455420931670332e-07 3.9025377130290916e-07 4.1372174833079176e-05 0.0011433571873932019 0.004335471209024399 0.010402807592572609 0.018660595026787106 0.027799019344382184 0.037093279084981966 0.04633260589306673 0.05554758552443053 0.0649171217727455 0.07472274261747949 0.0849933678469073 0.09594501889370885 0.10790410807000604 0.12121781362108357 0.13604967900276418 0.15268660259333228 0.17142281830763165 0.1925132221091529 0.21869345585228697 0.24990588527338287 0.28545185404316825 0.32462775485847545 0.3668748140008233 0.4112787438027667 0.45704680183277385 0.5034686934532688 0.5496033523287591 0.595256875091816 0.643574274052113 0.6831462234486313 0.7290988577743921 0.7537757728764434 0.7633165723455648 0.7747528175606186 0.7979501892552338 0.8172728783310638 0.8508276052895168 0.8960977502102416 0.9360786829005767 0.9482492531614556 0.9607977692719804 0.9846690248281428 0.9999999999999999 0.9999999999999999
1.0 0.8663954 2.45645e-05 6.755362e-05 0.0002950778 0.0008572424 0.002182658 0.005102812 0.01065757 0.01979491 0.03303863 0.05000138 0.06917521 0.09111776 0.1133446 0.1334512 0.1499286 0.1647494 0.1762808 0.1843628 0.1903465 0.1984186 0.2055599 0.2066149 0.2093418 0.2180504 0.2269678 0.2359774 0.2451594 0.2509232 0.2605792 0.2807084 0.3061297 0.3201311 0.3201311 0.3201311 0.3201311 0.3201311 0.3201311 0.3201311 0.3201311 0.3201311 0.3201311 0.3201311 0.3201311 0.3201311 0.0
0.0 0.07184771000000001 0.1436954 0.2394924 0.3352893 0.4310863 0.5268832 0.6226801999999999 0.7184771 0.8142741 0.9100711 1.005868 1.101665 1.197462 1.293259 1.389056 1.484853 1.58065 1.676447 1.772244 1.868041 2.011736 2.20333 2.394924 2.586518 2.778112 2.969706 3.161301 3.352894 3.544488 3.736082 4.07137 4.550356 5.02934 5.508325 5.98731 6.466294 6.945279 7.424264 7.903249 8.382234 8.861218 9.340203 9.819188 10.29817 10.77716 11.25614 11.73513 12.21411 12.6931 12.84775
2.5103139760513648e-05 5.0908372248959015e-05 0.00028239169231422255 0.0033935131511277205 0.011862739413390931 0.02636470775855663 0.046099559848851314 0.06949967762433319 0.09467084838170423 0.12079094492436117 0.1470697346012446 0.1750495055625463 0.20435974453620065 0.2344649166510916 0.2654999603691355 0.2970611150487206 0.3289478187992128 0.3609809714802504 0.3920016156478978 0.4215426372246427 0.44905591319738225 0.4755230205612188 0.5014936873746814 0.5281725231594755 0.5560434032532087 0.5847071987167852 0.6139842132501139 0.643570611753984 0.6731622610493204 0.7025657760914669 0.7316057483445422 0.7588727644904371 0.7839469675748354 0.8068673258077673 0.8285479836401295 0.8504498671765293 0.8681188240259561 0.8880128324207288 0.8952472834789591 0.8990762958985439 0.9028514131856333 0.9103100271810315 0.9180777683397031 0.933577022488851 0.9541603933084024 0.9710590911506399 0.9762087624621002 0.9831534592553532 0.9941199023229886 1.0 1.0
0.6685371 0.0004291687 3.130962e-06 1.536684e-05 7.082436e-05 0.0002274747 0.0005775265 0.001256971 0.002246015 0.004011912 0.006665054 0.009671842 0.01342042 0.01809643 0.02338308 0.029665 0.03688508 0.04509002 0.05607824 0.06970861 0.08725342 0.1183551 0.1502115 0.174891 0.1934418 0.2108468 0.2257459 0.2393187 0.2522896 0.2638286 0.2748499 0.2975143 0.324137 0.356017 0.3804425 0.4134267 0.4444053 0.4122028 0.4122028 0.4122028 0.4122028 0.4122028 0.4122028 0.4122028 0.4122028 0.4122028 0.4122028 0.4122028 0.4122028 0.4122028 0.0
0.0 0.07184771000000001 0.1436954 0.2394924 0.3352893 0.4310863 0.5268832 0.6226801999999999 0.7184771 0.8142741 0.9100711 1.005868 1.101665 1.197462 1.293259 1.389056 1.484853 1.58065 1.676447 1.772244 1.868041 2.011736 2.20333 2.394924 2.586518 2.778112 2.969706 3.161301 3.352894 3.544488 3.736082 4.07137 4.550356 5.02934 5.508325 5.98731 6.466294 6.945279 7.424264 7.903249 8.382234 8.861218 9.340203 9.819188 10.29817 10.77716 11.25614 11.73513 12.21411 12.6931 13.17208 13.65107 14.13005 14.60904 14.68314
1.443776550397306e-05 2.9605028080561553e-05 0.0001576380429271151 0.0018803928676585178 0.007646682132165001 0.017861589894612135 0.03305055761054181 0.05263802050940094 0.07584607318264348 0.10207799186570365 0.13093933137003935 0.16212675347780867 0.19528588434521207 0.23031055663037106 0.2669438958430078 0.3050791347088755 0.34454936790562873 0.3849586814447891 0.42560970566643375 0.4657333065869885 0.5047397920629915 0.5426503666005659 0.5765374223040332 0.607502683249598 0.6367023018604024 0.6648949650218816 0.6924475830956017 0.719153179414475 0.7450282004003239 0.7695512841377115 0.7926940062447708 0.8131858568452868 0.8314769031332788 0.8480163889473088 0.8630836510730192 0.876771174256825 0.8892272741925814 0.9005824816825194 0.9129121324248817 0.9235867104367065 0.9328466644737722 0.9414145944551903 0.9436668543463299 0.9451186704042098 0.9465151129113624 0.9491048761343563 0.9536038455078616 0.9625204168758629 0.974531832459057 0.9832954748601637 0.9861528596377584 0.9909164178043061 0.997186381323044 1.0 1.0
0.000376884 0.1119185 4.052331e-06 1.96105e-05 7.341935e-05 0.0002158986 0.0005030305 0.00100936 0.001810251 0.002958891 0.004480764 0.006388022 0.008670704 0.01134068 0.01440895 0.01781794 0.0215809 0.0258365 0.03051795 0.03655567 0.0437868 0.05868778 0.08166978 0.1068547 0.125318 0.1465017 0.1650455 0.1836733 0.2010913 0.2221114 0.243784 0.2912627 0.3352239 0.3751391 0.4122683 0.4456986 0.4805081 0.5169399 0.5455714 0.5788481 0.6085111 0.5150855 0.5150855 0.5150855 0.5150855 0.5150855 0.5150855 0.5150855 0.5150855 0.5150855 0.5150855 0.5150855 0.5150855 0.5150855 0.0
0.0 0.07184771000000001 0.1436954 0.2394924 0.3352893 0.4310863 0.5268832 0.6226801999999999 0.7184771 0.8142741 0.9100711 1.005868 1.101665 1.197462 1.293259 1.389056 1.484853 1.58065 1.676447 1.772244 1.868041 2.011736 2.20333 2.394924 2.586518 2.778112 2.969706 3.161301 3.352894 3.544488 3.736082 4.07137 4.550356 5.02934 5.508325 5.98731 6.466294 6.945279 7.424264 7.903249 8.382234 8.861218 9.340203 9.819188 10.29817 10.77716 11.25614 11.73513 12.21411 12.6931 13.17208 13.65107 14.13005 14.60904 15.08802 15.567 16.04599 16.51854
2.7742177315848056e-06 5.752582246230523e-06 4.3663483589966145e-05 0.001310308783506419 0.005389050351073101 0.012834966101863713 0.023818475966850272 0.038203721668121284 0.05541559229887221 0.07524654606995167 0.09750393368440793 0.1221057192061177 0.14869638456140055 0.1772126946927 0.20764739531349796 0.23991421621643264 0.2739819974507985 0.3097152066235554 0.34659454842441323 0.38417503375790935 0.4222527167289171 0.46209964205861065 0.4996232984275678 0.5358138401433091 0.5722227024019235 0.6083129117548987 0.6435174285262144 0.6774300796335003 0.71030195267381 0.7411736291935784 0.7697652276584952 0.7940511727056464 0.8144598578550296 0.8323766732645542 0.8481636524732381 0.8623558203166309 0.8752070768228668 0.8869535434378905 0.8976899723040696 0.907411448363277 0.9162731374560034 0.9243308618750276 0.9345642383364529 0.9420864312359155 0.9493689871505824 0.9531178573374204 0.9541705690405321 0.9549431025648173 0.955701199389305 0.9572640807334758 0.9616685040522958 0.9697782963918149 0.9805378697801193 0.987297179588454 0.9898595855462383 0.9946919894487465 1.0 1.0
2.914867e-05 0.001788833 1.217704e-05 2.469737e-05 9.683722e-05 0.0002927563 0.0006876178 0.001358311 0.002411772 0.003866204 0.00573781 0.007994974 0.01071943 0.01380399 0.01718207 0.02085577 0.02475538 0.0289204 0.03284148 0.03812295 0.04383395 0.05458335 0.06998728 0.08705603 0.100319 0.1139642 0.1280148 0.143176 0.1565702 0.1732728 0.1939443 0.2423427 0.2937396 0.3439206 0.397941 0.4486569 0.496651 0.539852 0.5787483 0.6120536 0.6474894 0.6781461 0.705803 0.7329245 0.7560654 0.9999939 0.9999939 0.9999939 0.9999939 0.9999939 0.9999939 0.9999939 0.9999939 0.9999939 0.9999939 0.9999939 0.9999939 0.0
0.0 0.07184771000000001 0.1436954 0.2394924 0.3352893 0.4310863 0.5268832 0.6226801999999999 0.7184771 0.8142741 0.9100711 1.005868 1.101665 1.197462 1.293259 1.389056 1.484853 1.58065 1.676447 1.772244 1.868041 2.011736 2.20333 2.394924 2.586518 2.778112 2.969706 3.161301 3.352894 3.544488 3.736082 4.07137 4.550356 5.02934 5.508325 5.98731 6.466294 6.945279 7.424264 7.903249 8.382234 8.861218 9.340203 9.819188 10.29817 10.77716 11.25614 11.73513 12.21411 12.6931 13.17208 13.65107 14.13005 14.60904 15.08802 15.567 16.04599 16.52498 17.00396 17.48294 17.96193 18.35393
1.8149616153622003e-07 3.8122744843298317e-07 7.681097347807802e-05 0.0010742928470476307 0.004253540303391185 0.010043966853252609 0.018736264721405695 0.030005936115153363 0.04368313498338764 0.05951650919833208 0.077513022106143 0.09742092590662117 0.11928690994565358 0.14295456149512756 0.16853622465646406 0.19600514757752352 0.22542659178383956 0.25667880252062736 0.2893118367402149 0.323033727273355 0.3577470214677727 0.3945301464935314 0.43081352747964097 0.4671045288235224 0.5041951548247555 0.5416389795238709 0.5787973094730005 0.6152519531151884 0.6509877918560091 0.6854395758880435 0.7182959696327076 0.7474345813294132 0.7728143782824657 0.7949213878875246 0.8138955487338659 0.8303239825211671 0.8448836701102553 0.8580334645055819 0.8699814405530771 0.8809024073060902 0.8909083840238677 0.9000944639786825 0.9084735871242123 0.9160891064573968 0.9230415056766632 0.9296489469310993 0.9389794009142006 0.9450997303374479 0.9514733584990949 0.9538871395517992 0.954528313768061 0.9550268949704234 0.9555419610582809 0.9570441091852873 0.9620638904191314 0.9706368026821917 0.981333608795593 0.987077880890065 0.9898156336376894 0.9951278461010296 1.0 1.0
7.306386e-05 0.000294742 6.8418e-06 3.710191e-05 0.0001228352 0.0003759403 0.0008739971 0.001752441 0.003078137 0.004920003 0.007211917 0.01003494 0.01323121 0.01686271 0.0206951 0.02476521 0.02894332 0.03335013 0.03834627 0.04380175 0.04947276 0.06069402 0.07650477 0.09146058 0.1034829 0.1151994 0.1273756 0.1396826 0.1508814 0.1617084 0.1756321 0.2073653 0.2471327 0.2919934 0.346992 0.4046488 0.4650427 0.5201801 0.5732768 0.6222354 0.6644368 0.7019172 0.7343906 0.7622045 0.7889224 0.8115067 0.8311621 0.8492002 0.8640774 0.9999943 0.9999943 0.9999943 0.9999943 0.9999943 0.9999943 0.9999943 0.9999943 0.9999943 0.9999943 0.9999943 0.9999943 0.0
0.0 0.07184771000000001 0.1436954 0.2394924 0.3352893 0.4310863 0.5268832 0.6226801999999999 0.7184771 0.8142741 0.9100711 1.005868 1.101665 1.197462 1.293259 1.389056 1.484853 1.58065 1.676447 1.772244 1.868041 2.011736 2.20333 2.394924 2.586518 2.778112 2.969706 3.161301 3.352894 3.544488 3.736082 4.07137 4.550356 5.02934 5.508325 5.98731 6.466294 6.945279 7.424264 7.903249 8.382234 8.861218 9.340203 9.819188 10.29817 10.77716 11.25614 11.73513 12.21411 12.6931 13.17208 13.65107 14.13005 14.60904 15.08802 15.567 16.04599 16.52498 17.00396 17.48294 17.96193 18.44091 18.9199 19.39888 19.87787 20.18932
3.4211009826189214e-08 8.564823805335311e-08 8.432933863199493e-05 0.0011173682822511184 0.0042758581788527915 0.0098658172262374 0.01794789125566223 0.02821799166205981 0.040316564141303725 0.054278036128049566 0.07000551128321258 0.08736251955792727 0.1064290183371215 0.12712866773391843 0.1495407766400748 0.17375776705223353 0.19981911892212656 0.22755691679306386 0.25684833762106657 0.28730415528394093 0.3188308200840677 0.35262150736853165 0.3867147466678182 0.4214620785772683 0.45750952209728446 0.4944743881251891 0.5315037648994754 0.5682084262979497 0.6045124022571501 0.6399037998743184 0.6738695542710866 0.7045134870413953 0.7316975394583292 0.7558258243387254 0.7771686513461669 0.7960917706291742 0.8129778165982297 0.8280487015329836 0.8414459662301097 0.8534615628361312 0.8644148130346616 0.8744718899453167 0.8837522126740246 0.8923453305749872 0.9002931144301821 0.9076519414752539 0.9143987368126275 0.9205944431740479 0.9262998105663824 0.9323462645316123 0.9408553022978885 0.9462237918119645 0.9519476946496763 0.9534091057843915 0.9538927168321563 0.954264187002973 0.9547124947596425 0.9565634794422102 0.9623111916155468 0.9715635327754567 0.9820233499892895 0.9868846787776836 0.9899611980956977 0.9956449204007016 1.0 1.0
1.917341e-05 6.320015e-05 7.626741e-06 3.907591e-05 0.0001601607 0.0005003251 0.001199511 0.002444762 0.004403983 0.007011455 0.01030434 0.01427815 0.01866421 0.0235179 0.02859665 0.03372557 0.03892297 0.04438547 0.05003264 0.05639102 0.05855595 0.07033379 0.08083257 0.09482386 0.1057465 0.1160624 0.127262 0.138284 0.1483173 0.159316 0.1720159 0.20274 0.2372913 0.2746942 0.315805 0.3608572 0.4113483 0.4672188 0.5284576 0.5870759 0.6412521 0.6897008 0.7332302 0.7704288 0.8015675 0.8278637 0.849973 0.8685914 0.8853676 0.8992434 0.9109845 0.9212182 0.9294811 0.9999939 0.9999939 0.9999939 0.9999939 0.9999939 0.9999939 0.9999939 0.9999939 0.9999939 0.9999939 0.9999939 0.9999939 0.0
0.0 0.07184771000000001 0.1436954 0.2394924 0.3352893 0.4310863 0.5268832 0.6226801999999999 0.7184771 0.8142741 0.9100711 1.005868 1.101665 1.197462 1.293259 1.389056 1.484853 1.58065 1.676447 1.772244 1.868041 2.011736 2.20333 2.394924 2.586518 2.778112 2.969706 3.161301 3.352894 3.544488 3.736082 4.07137 4.550356 5.02934 5.508325 5.98731 6.466294 6.945279 7.424264 7.903249 8.382234 8.861218 9.340203 9.819188 10.29817 10.77716 11.25614 11.73513 12.21411 12.6931 13.17208 13.65107 14.13005 14.60904 15.08802 15.567 16.04599 16.52498 17.00396 17.48294 17.96193 18.44091 18.9199 19.39888 19.87787 20.35685 20.83584 21.31482 21.79381 22.02471
1.4672735483453215e-09 2.919555458105791e-08 0.00015314327090957757 0.0016983308050517894 0.005902497007069874 0.012727099138815295 0.021649372599069922 0.03230672136872412 0.04438312670668861 0.05777121248301334 0.07252204486291723 0.08865796546279472 0.10613056248652986 0.12498822337822849 0.14536178066514277 0.16729229724789066 0.19079025260815988 0.21595135826305362 0.2424239982442469 0.2702457098224482 0.29923878014514804 0.3304970203335113 0.36279103268558993 0.39619341324932666 0.4310726620533955 0.46694985623212865 0.5032898197764841 0.5394250099735305 0.5752536624787603 0.610247338672598 0.6438721072042966 0.6743750833277228 0.7017561588117208 0.7262814497170886 0.7481821377932201 0.7678182539808254 0.7854695758183794 0.8014079042081538 0.8158343461670454 0.8288699690662488 0.8407077625859546 0.8514641861558873 0.8612819182033322 0.8703023816741644 0.8787089959085977 0.8865785482060944 0.8939804796763972 0.9009346047384061 0.9074521063763236 0.913539297172328 0.919154294374794 0.9243657895927089 0.9292232985799803 0.935225874258159 0.9427854876997593 0.9477028376932293 0.9526064233894243 0.9535439600854766 0.9539615721658464 0.9542689267323132 0.9547613590108833 0.9571383814471124 0.9635014778119827 0.9732620286338901 0.9830113964715952 0.9870526287854668 0.9905198706919462 0.9962986649260285 1.0 1.0
0.0005333661 6.626856e-05 4.575597e-06 2.53531e-05 0.0001145418 0.0003894552 0.001042261 0.002271767 0.004271447 0.007104917 0.0106618 0.01492513 0.01985304 0.02519371 0.03069543 0.03636335 0.04211044 0.04773937 0.05399706 0.06024882 0.06662028 0.07909389 0.094069 0.1077544 0.1182746 0.1283573 0.1381793 0.1485792 0.1578936 0.1681626 0.1752746 0.199479 0.2313 0.2658222 0.3049136 0.347372 0.3932442 0.44114 0.4892164 0.5401398 0.5925848 0.6462477 0.7002706 0.7488658 0.7886015 0.8223653 0.8510637 0.8745594 0.893612 0.9090578 0.9217288 0.9325346 0.9417562 0.9492644 0.9554898 0.9607877 0.9624288 0.9624288 0.9624288 0.9624288 0.9624288 0.9624288 0.9624288 0.9624288 0.9624288 0.9624288 0.9624288 0.9624288 0.9624288 0.0
0.0 0.07184771000000001 0.1436954 0.2394924 0.3352893 0.4310863 0.5268832 0.6226801999999999 0.7184771 0.8142741 0.9100711 1.005868 1.101665 1.197462 1.293259 1.389056 1.484853 1.58065 1.676447 1.772244 1.868041 2.011736 2.20333 2.394924 2.586518 2.778112 2.969706 3.161301 3.352894 3.544488 3.736082 4.07137 4.550356 5.02934 5.508325 5.98731 6.466294 6.945279 7.424264 7.903249 8.382234 8.861218 9.340203 9.819188 10.29817 10.77716 11.25614 11.73513 12.21411 12.6931 13.17208 13.65107 14.13005 14.60904 15.08802 15.567 16.04599 16.52498 17.00396 17.48294 17.96193 18.44091 18.9199 19.39888 19.87787 20.35685 20.83584 21.31482 21.79381 22.27279 22.75178 23.23076 23.70975 23.86011
2.64696328362647e-06 5.3400755932075195e-06 0.0002803012437680563 0.0023543575276504516 0.007945832796745121 0.017020515804424766 0.02813087005121188 0.04093369456078063 0.05492216439430358 0.06995013146888002 0.08617711543978006 0.10348220754198582 0.12191562039134977 0.1414750385288319 0.16223360114361635 0.18426414883110728 0.20763235322149812 0.23225179313136934 0.2580104008860821 0.2848287939719598 0.31258338442343064 0.3421933551896015 0.3726282591354439 0.40401442857481745 0.43658142783481935 0.46999637914044745 0.5036728443076405 0.5373200472843863 0.5706879022074304 0.6033913588249252 0.6350505515588409 0.6641949603321013 0.6904201290116433 0.7140124361774449 0.735122535963997 0.7540845032359109 0.7712673944763777 0.7868499750670378 0.8010051443789971 0.8138865723439253 0.8256215006294668 0.8363481835847727 0.8461943976318025 0.8552579159465963 0.8636597721606619 0.8714900601609138 0.8788493680483913 0.8857930035346308 0.8924057021054385 0.8987071302329657 0.9047299540767524 0.9104487225887806 0.9158589324319493 0.9209278957308071 0.9256277292552733 0.9300033306519149 0.9341727557579056 0.9401532145732778 0.9465405427023539 0.9510233121211522 0.9548096549797551 0.9555641376715077 0.9559350022757616 0.956206488898132 0.95680957422833 0.9596908820540238 0.9663495803538961 0.9760940417841442 0.9845569359958343 0.9878476593258292 0.9916072834700935 0.9970724671426623 1.0 1.0
0.0120435 6.876094e-05 2.968173e-06 1.929952e-05 8.535468e-05 0.0002840858 0.0008107622 0.001833976 0.003586917 0.006181152 0.009518462 0.01365816 0.01842703 0.02374844 0.02942987 0.03449756 0.04034666 0.04635062 0.05266334 0.05917699 0.06572217 0.07858734 0.09387773 0.1077904 0.1190744 0.1292797 0.1400051 0.1501692 0.1597284 0.1699316 0.1811873 0.2076873 0.2383792 0.2704863 0.3037371 0.3410243 0.3833102 0.4283147 0.4752023 0.5232759 0.5724836 0.6202238 0.6671826 0.7123231 0.7556278 0.7961625 0.8321479 0.8638644 0.8872965 0.9069323 0.9230931 0.9359797 0.9461567 0.9543771 0.9611083 0.9667175 0.9714134 0.975116 0.9783288 0.9809309 0.9776222 0.9776222 0.9776222 0.9776222 0.9776222 0.9776222 0.9776222 0.9776222 0.9776222 0.9776222 0.9776222 0.9776222 0.9776222 0.0
0.0 0.07184771000000001 0.1436954 0.2394924 0.3352893 0.4310863 0.5268832 0.6226801999999999 0.7184771 0.8142741 0.9100711 1.005868 1.101665 1.197462 1.293259 1.389056 1.484853 1.58065 1.676447 1.772244 1.868041 2.011736 2.20333 2.394924 2.586518 2.778112 2.969706 3.161301 3.352894 3.544488 3.736082 4.07137 4.550356 5.02934 5.508325 5.98731 6.466294 6.945279 7.424264 7.903249 8.382234 8.861218 9.340203 9.819188 10.29817 10.77716 11.25614 11.73513 12.21411 12.6931 13.17208 13.65107 14.13005 14.60904 15.08802 15.567 16.04599 16.52498 17.00396 17.48294 17.96193 18.44091 18.9199 19.39888 19.87787 20.35685 20.83584 21.31482 21.79381 22.27279 22.75178 23.23076 23.70975 24.18873 24.66772 25.1467 25.62568 25.6955
1.0744916401278779e-05 2.4226360145344355e-05 0.00036120348619195377 0.002551138651442559 0.008718144082105469 0.018086830782194363 0.03008623322792952 0.04335082784577284 0.05778478424399942 0.07337032018835388 0.09004109717942746 0.10788504720249152 0.1267805483228298 0.14680630599680508 0.16802051146347058 0.1904625215084082 0.2141371130445622 0.23914421714317238 0.2651248241815873 0.2920955154034919 0.3201206303622781 0.34962988835289294 0.37998335615657486 0.41115920495822794 0.443339098106284 0.47610187742101057 0.5090512971622082 0.541645180415647 0.5738038127846877 0.6051819094803589 0.6353226071978637 0.6627160389857254 0.6872244317500036 0.7092478776466431 0.7291762036081331 0.7472360181615465 0.7636504269447928 0.7786066357154902 0.7921865958504616 0.8045445859491884 0.8158608465649673 0.8262181026856644 0.835740050930157 0.8445250426883941 0.8526698956529073 0.8602749249955244 0.8674049544527724 0.8741364308613607 0.8805403316820224 0.8866514558870263 0.8925245946137436 0.8981804487199102 0.9036380555290261 0.9088965034784289 0.9139653680334764 0.9187987383541906 0.9233859515918591 0.9276743075228743 0.931655940199987 0.93536123414364 0.9390713672137128 0.9450893172719019 0.9497961426785351 0.9534298099773627 0.9562344042722033 0.9579207075581975 0.9582571050169485 0.9585132660268529 0.9592870726366148 0.9626353072148265 0.9694688056084177 0.97893784805434 0.9860223832314023 0.9888016836910557 0.9928005981896861 0.9977718957855624 0.9999999999999999 0.9999999999999999
0.0002751754 1.831382e-06 3.688462e-06 1.862115e-05 7.233633e-05 0.0002617984 0.0006993582 0.00167353 0.003300277 0.005663433 0.008820108 0.01254826 0.01708453 0.02200394 0.0273337 0.03284789 0.03846899 0.04405952 0.05023991 0.05648605 0.0623363 0.07509924 0.08877473 0.1021717 0.1133413 0.1241391 0.1346699 0.1438383 0.1539529 0.1646618 0.1770558 0.2059712 0.2378444 0.2711895 0.3061636 0.3441779 0.3847337 0.4262993 0.4690642 0.5135894 0.559234 0.6061058 0.6513419 0.6953495 0.7372977 0.7748213 0.8087573 0.8404219 0.8672268 0.8926088 0.9129468 0.9298332 0.9428139 0.953109 0.961516 0.9681265 0.9732904 0.977475 0.9808968 0.9837001 0.986039 0.9878762 0.9894475 0.9878998 0.984331 0.9843309 0.9843309 0.9843309 0.9843309 0.9843309 0.9843309 0.9843309 0.9843309 0.9843309 0.9843309 0.9843309 0.9843309 0.0
0.0 0.07184771000000001 0.1436954 0.2394924 0.3352893 0.4310863 0.5268832 0.6226801999999999 0.7184771 0.8142741 0.9100711 1.005868 1.101665 1.197462 1.293259 1.389056 1.484853 1.58065 1.676447 1.772244 1.868041 2.011736 2.20333 2.394924 2.586518 2.778112 2.969706 3.161301 3.352894 3.544488 3.736082 4.07137 4.550356 5.02934 5.508325 5.98731 6.466294 6.945279 7.424264 7.903249 8.382234 8.861218 9.340203 9.819188 10.29817 10.77716 11.25614 11.73513 12.21411 12.6931 13.17208 13.65107 14.13005 14.60904 15.08802 15.567 16.04599 16.52498 17.00396 17.48294 17.96193 18.44091 18.9199 19.63838 20.59635 21.31482 21.79381 22.27279 22.75178 23.23076 23.70975 24.18873 24.66772 25.1467 25.62568 26.10467 26.58365 27.06264 27.53089
1.4320121739516409e-05 2.8869229283546082e-05 0.0004588663004704293 0.0024691771887999274 0.008418282825388018 0.017504906372698154 0.029332744856366277 0.042241264922743944 0.05642451204029497 0.07170334997357121 0.08812838158867749 0.10576445916250976 0.12451187530915996 0.1444327467925514 0.1656081190266743 0.18803652390707906 0.21181083141187174 0.2368252582921599 0.2629176697318147 0.2900841480363779 0.31825784221746495 0.3483537085090514 0.3790872105028922 0.41073198197402877 0.44327507391130416 0.4763732687875792 0.5095770077271903 0.542480692510185 0.574897263535902 0.6065229276551192 0.6368921802884129 0.6641750622304247 0.6883042551186942 0.7098180006851245 0.7291339883919329 0.7465508867690643 0.762361879574222 0.7767920266696828 0.7900011095056416 0.8021231874625723 0.8132532117078475 0.82347308267509 0.8328419974148796 0.8415120751918282 0.8495639737743691 0.8570781667305645 0.8641294861484566 0.8707822262053101 0.8770988610687531 0.8831259274504316 0.888897873568986 0.8944573294386409 0.8998397660024847 0.9050646645116976 0.9101533454719104 0.9151081045146128 0.9199240424597872 0.9245898323592457 0.9290994670814854 0.9334002790666905 0.9374774855477719 0.9412725328008186 0.9447913344825183 0.948461449895864 0.9534774816798941 0.9570329062443158 0.9593575212499047 0.9607475841262265 0.9610606480526297 0.9613302659846569 0.9623574354351032 0.9662320517499127 0.973392962140785 0.9826608993368844 0.9886169468531266 0.9911931273296049 0.9954856942862623 1.0 1.0
0.005564792 0.002061276 3.544905e-06 2.144833e-05 7.646533e-05 0.0002645997 0.0007067039 0.001687075 0.003276507 0.005617739 0.008704791 0.01244676 0.01686541 0.02166151 0.02667102 0.03186337 0.0370841 0.04251713 0.04827187 0.05399523 0.05946476 0.07027582 0.08400282 0.09617671 0.1070036 0.1173251 0.1275984 0.1379883 0.1479235 0.1583632 0.1704944 0.1997872 0.2340204 0.2672479 0.3042955 0.343874 0.3844828 0.4267322 0.4697104 0.5136068 0.5577298 0.6017193 0.6441126 0.685992 0.7259741 0.7631498 0.7973545 0.8281989 0.8554983 0.8794212 0.8996452 0.917743 0.9327454 0.9461792 0.9568158 0.9652978 0.9717783 0.9770077 0.9811665 0.9843997 0.986955 0.9890158 0.9906943 0.993216 0.9948847 0.9962305 1.0 0.9999999 0.9999999 0.9999999 0.9999999 0.9999999 0.9999999 0.9999999 0.9999999 0.9999999 0.9999999 0.9999999 0.0
0.0 0.07184771000000001 0.1436954 0.2394924 0.3352893 0.4310863 0.5268832 0.6226801999999999 0.7184771 0.8142741 0.9100711 1.005868 1.101665 1.197462 1.293259 1.389056 1.484853 1.58065 1.676447 1.772244 1.868041 2.011736 2.20333 2.394924 2.586518 2.778112 2.969706 3.161301 3.352894 3.544488 3.736082 4.07137 4.550356 5.02934 5.508325 5.98731 6.466294 6.945279 7.424264 7.903249 8.382234 8.861218 9.340203 9.819188 10.29817 10.77716 11.25614 11.73513 12.21411 12.6931 13.17208 13.65107 14.13005 14.60904 15.08802 15.567 16.04599 16.52498 17.00396 17.48294 17.96193 18.44091 18.9199 19.63838 20.59635 21.55432 22.51229 23.47025 24.42822 25.38619 26.10467 26.58365 27.06264 27.54162 28.02061 28.49959 28.97858 29.45756 29.93655 30.41553 30.89452 31.3735 31.85249 32.11938
6.436516111898574e-06 4.490234233338663e-05 0.00029044543919909405 0.0017441438745814353 0.006987539334075059 0.015413630269019908 0.025507657668212058 0.037214564484373935 0.05001123756764754 0.0638556219942454 0.078830766866308 0.09502078203141029 0.11241297632431285 0.1310642144187597 0.15106248296892744 0.17242254232019075 0.1951109194152499 0.2191305233121321 0.24441833120126952 0.2709115905452188 0.29839560646804014 0.32802841655669995 0.3585869232021994 0.39025828258530804 0.42294644638654705 0.45629488789385453 0.489818773789874 0.5231931962949468 0.5560902542929824 0.588190736061998 0.618979933043359 0.6467643026686446 0.6711111741405082 0.692822412884383 0.7122066260740588 0.7295769108879735 0.745278628602684 0.7595053463699964 0.7724718665934702 0.7843421776111246 0.7952470998496265 0.8052763345927588 0.8145466248675043 0.8231542514854917 0.8311859485494394 0.8387204640567124 0.8458299141660964 0.8525716401602429 0.8590015738381439 0.8651589598747236 0.8710611305597661 0.8767298704077289 0.8821893150099361 0.8874653756165082 0.8925698715471218 0.8975186006433711 0.902326363936757 0.9070096974314501 0.9115877817298272 0.9160725553037922 0.9204810336725748 0.9248381603377209 0.9291625637327511 0.9334462635646159 0.937624844976999 0.9415649214111281 0.9450506994656546 0.9479664503606 0.9523464745963716 0.956161766681279 0.9587212529990615 0.9600839429635474 0.9609119608497063 0.9611860565981317 0.9616217178257581 0.9636191197876501 0.968849481155983 0.9770074301758495 0.9852697420157098 0.9890602068451465 0.9919681837838255 0.9967523665608953 1.0 1.0
0.001215491 5.124863e-06 2.176436e-05 5.188941e-05 0.0001081402 0.0003135661 0.0008621455 0.001914427 0.00373701 0.006390525 0.009822088 0.01389355 0.01849183 0.02341149 0.02840205 0.03344368 0.03855196 0.04354631 0.04858318 0.05351122 0.05858932 0.06777051 0.07929073 0.0896043 0.09874641 0.1074736 0.1165252 0.1255307 0.1346053 0.1440976 0.1553306 0.1826521 0.2170602 0.2507768 0.2879134 0.328311 0.3701905 0.4143707 0.4596017 0.5050924 0.5506172 0.5949616 0.637791 0.6782867 0.7172894 0.7532365 0.786 0.8157214 0.841975 0.8656471 0.886103 0.9039176 0.9194785 0.9325882 0.9439735 0.9536267 0.9618068 0.9686726 0.9743631 0.9790714 0.9830058 0.9862408 0.9890592 0.9929104 0.9953496 0.9968738 0.9978393 0.9984612 0.9988776 0.9991505 0.9992825 1.0 1.0 1.0 1.0 1.0 1.0 1.0 1.0 1.0 1.0 1.0 1.0 0.0
0.0 0.07184771000000001 0.1436954 0.2394924 0.3352893 0.4310863 0.5268832 0.6226801999999999 0.7184771 0.8142741 0.9100711 1.005868 1.101665 1.197462 1.293259 1.389056 1.484853 1.58065 1.676447 1.772244 1.868041 2.011736 2.20333 2.394924 2.586518 2.778112 2.969706 3.161301 3.352894 3.544488 3.736082 4.07137 4.550356 5.02934 5.508325 5.98731 6.466294 6.945279 7.424264 7.903249 8.382234 8.861218 9.340203 9.819188 10.29817 10.77716 11.25614 11.73513 12.21411 12.6931 13.17208 13.65107 14.13005 14.60904 15.08802 15.567 16.04599 16.52498 17.00396 17.48294 17.96193 18.44091 18.9199 19.63838 20.59635 21.55432 22.51229 23.47025 24.42822 25.38619 26.34416 27.30213 28.2601 29.21807 30.17604 30.89452 31.3735 31.85249 32.33147 32.81046 33.28944 33.76842 34.24741 34.7264 35.20538 35.68436 36.16335 36.64233 36.70786
4.3882787896898467e-07 2.889788677020777e-06 0.0005043613387542487 0.002033258712971337 0.006027162705861858 0.01364398679943559 0.02354506044063686 0.03458646049316698 0.04659974744977296 0.059650375608761935 0.07383217377076669 0.08917387611060988 0.10568423059495544 0.12344139283816927 0.14253426290844665 0.16294366233671112 0.1847289431811091 0.20792744127567078 0.23225526528968318 0.2577841698862947 0.28462978062906985 0.31303934187896515 0.34279686725346953 0.37396681737941545 0.40617350823755877 0.43910524398432643 0.4722668348412431 0.5053969086335935 0.5381957484407974 0.5702467742614747 0.6010815279086632 0.629013355688475 0.6537147239751818 0.6757490079180852 0.6954712073197811 0.7131125245382458 0.7290394506075466 0.7434088271209448 0.7564890185303427 0.7683957662260411 0.7792926602327277 0.789309932475031 0.798542234733026 0.8071167020901806 0.8151124350631832 0.8226267524951164 0.8297189363384704 0.8364704585099559 0.8429239310562499 0.8491335700341643 0.8551139330356115 0.8608975368927759 0.8665013715590325 0.8719429207754209 0.8772441093238972 0.8824119934911607 0.8874586558346523 0.8923882508765196 0.8972127941166195 0.9019277317353713 0.9065222461252176 0.9109977393992821 0.9153546840087261 0.919482422747359 0.9233995579986475 0.9271620218839445 0.930835466826238 0.9345143434328503 0.938225166882182 0.9418765681677111 0.945289963798541 0.9482395132801645 0.9506785350849667 0.9552883294597908 0.9583961650160002 0.9604068473576143 0.9610974520806164 0.961553575329775 0.9618271105310325 0.9626891287651461 0.9659500080168945 0.972354409651926 0.9809764147401226 0.9872406233512026 0.9898805801589388 0.9936328939644481 0.9980708654720899 1.0 1.0
0.01644861 0.000373855 2.77971e-05 9.155039e-05 0.0002076841 0.0004386238 0.001021999 0.002243442 0.004328398 0.007270364 0.01101878 0.01552842 0.02053409 0.02577595 0.03112954 0.03645729 0.04160821 0.04649924 0.05174857 0.05619255 0.06048153 0.07009988 0.07971376 0.08839501 0.09662367 0.104452 0.1125527 0.120253 0.1282511 0.1369439 0.1469644 0.1718514 0.2027182 0.2343818 0.2687377 0.3068833 0.3467641 0.390172 0.4336112 0.4793636 0.5252817 0.5702665 0.6147396 0.6572526 0.6980657 0.7355638 0.7707493 0.8019702 0.8305184 0.8551602 0.8770773 0.8955386 0.9117277 0.9256992 0.93756 0.9477076 0.9562738 0.9636052 0.9696481 0.9748405 0.9790806 0.9827105 0.9858473 0.9902677 0.9934486 0.9956482 0.9971142 0.998128 0.9987859 0.9991946 0.9994546 0.9996208 0.9997301 0.999802 0.999849 0.9998515 1.0 1.0 1.0 1.0 1.0 1.0 1.0 1.0 1.0 1.0 1.0 1.0 0.0
0.0 0.07184771000000001 0.1436954 0.2394924 0.3352893 0.4310863 0.5268832 0.6226801999999999 0.7184771 0.8142741 0.9100711 1.005868 1.101665 1.197462 1.293259 1.389056 1.484853 1.58065 1.676447 1.772244 1.868041 2.011736 2.20333 2.394924 2.586518 2.778112 2.969706 3.161301 3.352894 3.544488 3.736082 4.07137 4.550356 5.02934 5.508325 5.98731 6.466294 6.945279 7.424264 7.903249 8.382234 8.861218 9.340203 9.819188 10.29817 10.77716 11.25614 11.73513 12.21411 12.6931 13.17208 13.65107 14.13005 14.60904 15.08802 15.567 16.04599 16.52498 17.00396 17.48294 17.96193 18.44091 18.9199 19.63838 20.59635 21.55432 22.51229 23.47025 24.42822 25.38619 26.34416 27.30213 28.2601 29.21807 30.17604 31.13401 32.09198 33.04995 34.00792 34.7264 35.20538 35.68436 36.16335 36.64233 37.12132 37.6003 38.07929 38.55827 39.03726 39.51624 39.99523 40.47421 40.9532 41.29634
2.5039847630316976e-06 4.257115196463197e-05 0.0008095083139988136 0.002194167797711287 0.005617746823662846 0.012496939785698694 0.022074780991593487 0.032655135175839935 0.0439500892547646 0.05625750188356887 0.06967632344522212 0.08427597396582288 0.10003798670776433 0.11698082840865329 0.13519954260103675 0.1548669339850037 0.17589803409093946 0.1982382196544504 0.2218491138449121 0.2466024317387545 0.27262397265624744 0.30057694103780613 0.32996125687103917 0.36066885799976084 0.3925615802537388 0.4252562017172899 0.4583334860726561 0.49136642751781207 0.5239935871179662 0.5559274623719471 0.5868412074999159 0.6148569697376569 0.6397489097591377 0.6620285249286305 0.6819296451393214 0.6997899492324471 0.7158322350651989 0.7303150211724376 0.7434066653299234 0.7552976462352907 0.7661297127598466 0.7760395572934701 0.7851470130768451 0.793559030535075 0.8013788364258034 0.8086937458555601 0.8155816336916564 0.8221083731590395 0.8283442907236392 0.8343247785971236 0.840099675178575 0.8456919825630833 0.851130280451111 0.8564380352118082 0.8616397491455599 0.866743229636557 0.8717672529384465 0.8767173303317353 0.8816014618585575 0.8864207181917448 0.8911616859167918 0.895818247354419 0.9003911826113803 0.9048081502091594 0.9090602784073875 0.9131520046554124 0.9170522162745671 0.9207518772914821 0.9242418348746909 0.9275459059676333 0.9307265306938748 0.9338666404021547 0.9370548893296247 0.9402948590190321 0.9434793905956959 0.9464150760137465 0.94888862208508 0.9510023424950219 0.9553784350255687 0.9588114290241226 0.9614273685812911 0.9630978727603653 0.9635536269175118 0.9638716123269586 0.9642529070315443 0.9658798752529408 0.9703764990144247 0.9776941530302904 0.9856422217363005 0.9897327162368194 0.9923152978607008 0.9966469843144985 1.0 1.0
0.0009227991 7.945333e-05 4.602881e-05 0.0001868129 0.0003627327 0.0006322929 0.001255326 0.002672666 0.005100687 0.008370329 0.0125253 0.01751973 0.02300961 0.02872738 0.03450649 0.03990691 0.04518843 0.05034065 0.0550972 0.05959384 0.06390669 0.07199643 0.08059717 0.08877008 0.09584924 0.1026936 0.1095759 0.1166796 0.1242413 0.1320652 0.1407723 0.1638343 0.191977 0.2212149 0.253736 0.2886752 0.327008 0.3676336 0.4102322 0.4545227 0.4995115 0.5447269 0.5890272 0.6324201 0.6742724 0.713662 0.7501509 0.7838442 0.8136715 0.8409789 0.8645529 0.885042 0.9028966 0.9182014 0.9312495 0.9424009 0.9517988 0.9597752 0.9664738 0.9720707 0.9766608 0.9805537 0.9840563 0.9887367 0.9922432 0.9946916 0.9963585 0.9975162 0.9983181 0.9988726 0.9992465 0.9995017 0.9996754 0.9997869 0.999858 0.9999036 0.9999324 0.9999517 0.9999645 0.999965 0.9999657 0.9999657 0.9999657 0.9999657 0.9999657 0.9999657 0.9999657 0.9999657 0.9999657 0.9999657 0.9999657 0.9999657 0.9999657 0.0
0.0 0.07184771000000001 0.1436954 0.2394924 0.3352893 0.4310863 0.5268832 0.6226801999999999 0.7184771 0.8142741 0.9100711 1.005868 1.101665 1.197462 1.293259 1.389056 1.484853 1.58065 1.676447 1.772244 1.868041 2.011736 2.20333 2.394924 2.586518 2.778112 2.969706 3.161301 3.352894 3.544488 3.736082 4.07137 4.550356 5.02934 5.508325 5.98731 6.466294 6.945279 7.424264 7.903249 8.382234 8.861218 9.340203 9.819188 10.29817 10.77716 11.25614 11.73513 12.21411 12.6931 13.17208 13.65107 14.13005 14.60904 15.08802 15.567 16.04599 16.52498 17.00396 17.48294 17.96193 18.44091 18.9199 19.63838 20.59635 21.55432 22.51229 23.47025 24.42822 25.38619 26.34416 27.30213 28.2601 29.21807 30.17604 31.13401 32.09198 33.04995 34.00792 34.96589 35.92386 36.88183 37.8398 38.55827 39.03726 39.51624 39.99523 40.47421 40.9532 41.43218 41.91117 42.39015 42.86914 43.34812 43.82711 44.30609 44.78508 45.26406 45.74304 45.88482
5.8284917411001555e-06 1.634386573294694e-05 0.0006736142279516386 0.002995587219575118 0.007375127631859421 0.013593349675027372 0.021523848862664587 0.030895387266452565 0.04167092092325757 0.05341018189058538 0.06608326799676728 0.07983445126317178 0.09467758767918141 0.11074610928012474 0.1281620923917751 0.14685028707791914 0.1669189430516036 0.1884313963830238 0.2113897556632613 0.23551110737529993 0.2608907069580446 0.28815773383608734 0.31718559094271376 0.3476520326826839 0.3792954338223158 0.4119392308672228 0.4449549363762638 0.4781004867045365 0.5107995118626009 0.542937811732547 0.5740463586257204 0.6023514781867484 0.6275699598679825 0.6502701897365941 0.6705286254357629 0.6887633196279506 0.7051140268576573 0.7198313495844443 0.7330913159947451 0.7450704047170514 0.7559803398388308 0.7659001021316003 0.7749873267311059 0.7833419040597444 0.7910602058693461 0.7982566085377567 0.804997826450604 0.8113551861284977 0.8173835207317762 0.8231392138553971 0.8286719055197445 0.8340019374270164 0.8391692879418675 0.8442009280985188 0.8491086673126558 0.8539198095539335 0.8586496567960212 0.8633135273329522 0.8679193104288816 0.8724773205541153 0.8769871072665957 0.8814479851110176 0.8858649742314729 0.8902213103496417 0.894522088683292 0.8987661047895306 0.9029128286753861 0.9069438215931503 0.9108414314366793 0.9145966526288923 0.9181991250024633 0.9216203238244794 0.9248485095304148 0.9278746967804408 0.9307350740241886 0.9334987498447451 0.93626371856457 0.9391103439428603 0.9420176148160695 0.9448628412127228 0.9474367281683909 0.9495521927346043 0.9530574316411041 0.9560270508760548 0.9584634736871637 0.9604133293139887 0.9620412706489713 0.9634571295012839 0.9644501825482045 0.9650454534780729 0.9657360203213499 0.9683965008457168 0.9739321889289696 0.9816890394393035 0.987914719889006 0.9905736225605422 0.9937645948979612 0.9979324210149967 1.0 1.0
0.02125372 0.001711389 0.0001134502 0.0001977411 0.0004312973 0.0009351257 0.001876083 0.003461923 0.005904219 0.009509748 0.01421733 0.0196867 0.02582912 0.03207368 0.03803952 0.04409325 0.04973498 0.05477333 0.05886793 0.06348067 0.06771028 0.07563797 0.082772 0.09000844 0.09651241 0.1022615 0.1085241 0.1146741 0.1216969 0.1287086 0.1365381 0.1576498 0.1838653 0.2100877 0.240609 0.2725352 0.3089372 0.3473684 0.3885936 0.4321172 0.4748707 0.5203903 0.5648447 0.6088914 0.6518272 0.6914611 0.7299591 0.764628 0.7967442 0.8256873 0.8505945 0.8732076 0.8925426 0.9093133 0.92391 0.9360251 0.9466006 0.9554201 0.96283 0.969153 0.9742119 0.978579 0.9825684 0.9876103 0.9914608 0.994131 0.9959216 0.9971781 0.9980543 0.9986619 0.9990895 0.9993744 0.9995737 0.9997126 0.9998065 0.9998713 0.9999145 0.999944 0.9999633 0.9999753 0.9999831 0.9999881 0.9999915 0.9999914 0.9999912 0.9999909 0.9999903 0.9999903 0.9999903 0.9999903 0.9999903 0.9999903 0.9999903 0.9999903 0.9999903 0.9999903 0.9999903 0.9999903 0.9999903 0.0
0.0 0.07184771000000001 0.1436954 0.2394924 0.3352893 0.4310863 0.5268832 0.6226801999999999 0.7184771 0.8142741 0.9100711 1.005868 1.101665 1.197462 1.293259 1.389056 1.484853 1.58065 1.676447 1.772244 1.868041 2.011736 2.20333 2.394924 2.586518 2.778112 2.969706 3.161301 3.352894 3.544488 3.736082 4.07137 4.550356 5.02934 5.508325 5.98731 6.466294 6.945279 7.424264 7.903249 8.382234 8.861218 9.340203 9.819188 10.29817 10.77716 11.25614 11.73513 12.21411 12.6931 13.17208 13.65107 14.13005 14.60904 15.08802 15.567 16.04599 16.52498 17.00396 17.48294 17.96193 18.44091 18.9199 19.63838 20.59635 21.55432 22.51229 23.47025 24.42822 25.38619 26.34416 27.30213 28.2601 29.21807 30.17604 31.13401 32.09198 33.04995 34.00792 34.96589 35.92386 36.88183 37.8398 39.27675 41.19269 43.10863 44.30609 44.78508 45.26406 45.74304 46.22203 46.70102 47.18 47.65898 48.13797 48.61696 49.09594 49.57492 50.05391 50.4733
0.00010374380109751947 0.00041031971679261986 0.0009091984114465342 0.002271367682379229 0.005044783092694517 0.010735225592496381 0.018762593935581703 0.028373459071551116 0.038904073784132256 0.05027744124057179 0.06268566127345003 0.0762636846973273 0.0909703185136583 0.10692120463870373 0.12420388970603671 0.1428172617741547 0.16275201941828066 0.18402971929576376 0.2068127560289225 0.23105589815682218 0.25666847128405584 0.2839356167778829 0.3128349320868051 0.3433212676106116 0.3751499075362999 0.4078772690650939 0.44108945414329837 0.47427010919926604 0.5072415589421777 0.5395054728031449 0.570889779540086 0.599467259412166 0.6249720117331552 0.6480991329657967 0.668772185658952 0.6873074762397221 0.7039838871408356 0.7189813141252531 0.7324845202581566 0.7446762698387139 0.7557212836981541 0.7657725868167482 0.7749532090411082 0.7833949597805064 0.791190014210292 0.7984399137369973 0.8052255845081331 0.8116054375612161 0.8176430104616103 0.8233921027593741 0.8288945179976203 0.834184088531451 0.8392930231449404 0.8442415312043535 0.849049347965928 0.8537365224853439 0.8583193007054739 0.8628101084020654 0.8672218386391656 0.8715641953234453 0.8758370897724534 0.8800486637173756 0.8842023246108525 0.8882759666465112 0.8922887725207015 0.8962634824604087 0.9002013005004497 0.9041066846394253 0.907990229019381 0.9118523463548005 0.9156808803281534 0.9194287883099842 0.9230769933407114 0.9266036693047689 0.9299957607810065 0.9332346615090065 0.9362994997328111 0.9391766910063408 0.9418723383876644 0.944455622374728 0.9470424202333739 0.949794084226034 0.952810652591694 0.9559593086930885 0.9581285227189361 0.9613088660833751 0.9638238376372543 0.9657689490626031 0.9669322537353667 0.9672186724710086 0.967556837416879 0.9688560588607477 0.9726248003968647 0.9790170451170599 0.9863921540321565 0.9905949450035542 0.9928933311590125 0.9966910650349188 1.0 1.0
2.696069e-05 7.904518e-05 0.0003114468 0.0005766225 0.0009973202 0.001365048 0.002300164 0.003952027 0.00674968 0.01074745 0.01570469 0.02129662 0.02757723 0.03410057 0.0404908 0.04668648 0.05258803 0.05784033 0.06191428 0.06589852 0.06990823 0.07825208 0.0856503 0.09201095 0.09765585 0.1033445 0.108836 0.1151868 0.1212316 0.1282239 0.1352642 0.1551934 0.1802224 0.2039849 0.2326371 0.2638257 0.297373 0.3343128 0.3738542 0.4158215 0.4587542 0.5027534 0.5475089 0.5910338 0.6342988 0.6753264 0.714009 0.7502686 0.7837365 0.8136079 0.8403504 0.8641331 0.884859 0.9028952 0.918218 0.9315958 0.9427882 0.9523135 0.9602805 0.9670599 0.9726239 0.977307 0.9816795 0.9870656 0.9911441 0.9939656 0.995853 0.9971583 0.9980469 0.9986623 0.9990823 0.9993662 0.9995636 0.9997011 0.9997963 0.999861 0.9999056 0.9999359 0.9999568 0.9999712 0.9999807 0.9999874 0.9999918 0.9999963 0.9999982 0.999999 0.9999989 0.999999 0.999999 0.999999 0.999999 0.999999 0.999999 0.999999 0.999999 0.999999 0.999999 0.999999 0.999999 0.0
0.0 0.07184771000000001 0.1436954 0.2394924 0.3352893 0.4310863 0.5268832 0.6226801999999999 0.7184771 0.8142741 0.9100711 1.005868 1.101665 1.197462 1.293259 1.389056 1.484853 1.58065 1.676447 1.772244 1.868041 2.011736 2.20333 2.394924 2.586518 2.778112 2.969706 3.161301 3.352894 3.544488 3.736082 4.07137 4.550356 5.02934 5.508325 5.98731 6.466294 6.945279 7.424264 7.903249 8.382234 8.861218 9.340203 9.819188 10.29817 10.77716 11.25614 11.73513 12.21411 12.6931 13.17208 13.65107 14.13005 14.60904 15.08802 15.567 16.04599 16.52498 17.00396 17.48294 17.96193 18.44091 18.9199 19.63838 20.59635 21.55432 22.51229 23.47025 24.42822 25.38619 26.34416 27.30213 28.2601 29.21807 30.17604 31.13401 32.09198 33.04995 34.00792 34.96589 35.92386 36.88183 37.8398 39.27675 41.19269 43.10863 45.02457 46.9405 48.13797 48.61696 49.09594 49.57492 50.05391 50.5329 51.01188 51.49086 51.96985 52.44883 52.92782 53.4068 53.88579 54.36477 54.84376 55.06179
1.0537172061983155e-05 6.416743407514708e-05 0.0011065112380239355 0.003423402018548079 0.007394685522385388 0.012927798487948932 0.019896381051858012 0.028253480758993928 0.03794091168926621 0.04898291797604587 0.061185731969257716 0.07445264301624534 0.08876347915842037 0.104309891494532 0.12113436848053855 0.13929231128470318 0.15885910761698435 0.17984168787106292 0.20217619167023543 0.22582335961122774 0.2509023168001606 0.2780033746495152 0.30672034422001637 0.33704643155682906 0.36879569150370456 0.4014364883487244 0.43464161025374626 0.46791062751979107 0.5009875213987742 0.5333619476355876 0.5648527854116333 0.5936212903830996 0.6193970617481809 0.6428235590974496 0.6638067550755503 0.6826462518957241 0.6995751290877997 0.7147879484459035 0.7284432973884831 0.7407455298206759 0.751859376407423 0.761940059075642 0.7711267279559004 0.7795435144104308 0.7872897319252556 0.794470155038662 0.8011712649883024 0.8074672880047299 0.8134159167291309 0.8190749487556503 0.8244902660192318 0.829698535585079 0.8347298509647733 0.8396087641536967 0.8443556465210584 0.84898648240241 0.8535137611997909 0.8579462709742445 0.8622925653918733 0.8665576192229014 0.8707448889180894 0.8748622144634237 0.8789052403111339 0.8828307223439621 0.886649078892237 0.8903780225168905 0.894028485817747 0.8976148368548 0.9011561910601911 0.9046705583615672 0.9081771871314833 0.91166625692163 0.9151479891006176 0.9186275574994478 0.9220995825793207 0.9255389725368053 0.9289077637878193 0.9321839064155069 0.9353464637040568 0.9383833632645172 0.9412696574288532 0.9439945412900059 0.9465403033365732 0.9488595751498785 0.9515200462319239 0.9547264654608134 0.9573355032961064 0.9600558780283267 0.9623287249500503 0.9641891196897895 0.9657723119763377 0.9670434913623239 0.9680250576077982 0.9687162032746679 0.9694837354538162 0.9715916337582885 0.9762308728731692 0.9829839695214955 0.9888821648509937 0.991499149024604 0.9941499077598868 0.9979012483458447 0.9999999999999999 0.9999999999999999
0.001139225 0.0008579185 0.0002725137 0.0005425725 0.0009942442 0.001816179 0.003152005 0.005206787 0.008168383 0.01196656 0.01683882 0.02267965 0.02940451 0.03618286 0.04285965 0.04914783 0.05489035 0.05982899 0.06457862 0.06875693 0.0727272 0.0799181 0.08711512 0.09301627 0.09822258 0.1035548 0.1086342 0.1142356 0.1199586 0.1265978 0.1332481 0.1519378 0.1751623 0.1972746 0.2241336 0.2530915 0.2847602 0.319446 0.3576183 0.3975998 0.4394599 0.4824346 0.5261473 0.5697743 0.6127062 0.654305 0.6938554 0.7309375 0.7658858 0.7973759 0.8256146 0.8508484 0.8731613 0.8926981 0.9095394 0.9239963 0.9363301 0.9469993 0.9558833 0.9633636 0.9696333 0.9748822 0.9798649 0.9858202 0.9903803 0.9934913 0.995604 0.9970318 0.9979983 0.9986497 0.9990897 0.9993823 0.9995819 0.9997165 0.9998081 0.9998699 0.9999114 0.9999399 0.9999594 0.9999727 0.9999816 0.9999876 0.9999919 0.9999963 0.9999984 0.9999993 0.9999997 0.9999999 0.9999998 0.9999999 0.9999999 1.0 1.0 1.0 1.0 1.0 1.0 1.0 1.0 1.0 1.0 1.0 1.0 0.0
0.0 0.07184771000000001 0.1436954 0.2394924 0.3352893 0.4310863 0.5268832 0.6226801999999999 0.7184771 0.8142741 0.9100711 1.005868 1.101665 1.197462 1.293259 1.389056 1.484853 1.58065 1.676447 1.772244 1.868041 2.011736 2.20333 2.394924 2.586518 2.778112 2.969706 3.161301 3.352894 3.544488 3.736082 4.07137 4.550356 5.02934 5.508325 5.98731 6.466294 6.945279 7.424264 7.903249 8.382234 8.861218 9.340203 9.819188 10.29817 10.77716 11.25614 11.73513 12.21411 12.6931 13.17208 13.65107 14.13005 14.60904 15.08802 15.567 16.04599 16.52498 17.00396 17.48294 17.96193 18.44091 18.9199 19.63838 20.59635 21.55432 22.51229 23.47025 24.42822 25.38619 26.34416 27.30213 28.2601 29.21807 30.17604 31.13401 32.09198 33.04995 34.00792 34.96589 35.92386 36.88183 37.8398 39.27675 41.19269 43.10863 45.02457 46.9405 48.85644 50.77238 52.68832 54.60426 56.5202 57.71767 58.19665 58.67564 59.15462 59.6336 60.11259 60.59158 61.07056 61.54954 62.02853 62.50751 62.9865 63.46548 63.94446 64.23876
7.054600341692451e-05 0.0003827196694816173 0.0018482110119480428 0.0040383707057147665 0.007596705266352863 0.01221241640167357 0.018275314178902446 0.025991494106474375 0.034939865689498875 0.04503881897822268 0.056189957294737226 0.06837561098218362 0.08169134321924175 0.09620370614229318 0.11211537806709151 0.1294725889927863 0.14818102809563702 0.16819204194038728 0.1895585693066289 0.21222662963278505 0.23642745049411287 0.2629854434784508 0.291675450683596 0.32215705691603475 0.3541773936116159 0.387349505259638 0.4211885273141224 0.45518568226884615 0.489138543017896 0.5226095389620019 0.5551395065384106 0.5851253760107507 0.6121729400313115 0.6368481928417188 0.659043424528659 0.679002135006943 0.6969839496465747 0.7131549698717002 0.727667923876729 0.7406959211015001 0.7524291421722096 0.7630285091571775 0.7726501822205437 0.7814080887191706 0.7894185314206162 0.7967824227954554 0.8035919827149337 0.8099367822641861 0.8158799231385517 0.8214847730202595 0.8267967787248389 0.8318604339481313 0.8367087912554546 0.8413770754383937 0.8458850914374505 0.8502533017718265 0.8545044778746972 0.8586501938700306 0.8627079605614042 0.8666858351350211 0.8705928574508714 0.8744352782008655 0.8782133670661552 0.8819182208744574 0.8855564098713762 0.8891512489160798 0.8927065652643712 0.8962245119323529 0.8996941860435274 0.9031059766049435 0.9064478739391014 0.9097056004608395 0.9128721503710217 0.9159579957951544 0.9189712308620647 0.9219224684486546 0.9248293586321927 0.9277104477179955 0.9305902999647608 0.933489552999726 0.9364148058837415 0.939376067481814 0.942377645303853 0.9454542595052053 0.948454341889842 0.9512501504068125 0.9537596746483239 0.9558951079089437 0.9578364697462518 0.9601856105428953 0.9628806443852772 0.9648326545644064 0.9673952332159216 0.9694004577666144 0.9709553107295402 0.9720584632785285 0.9725380394879416 0.9729047759313308 0.9734250525679958 0.9751126093456451 0.9789089478669839 0.9846363881507835 0.9900152784753568 0.9925305432311464 0.9947010269141676 0.9979632441812281 1.0 1.0
0.0007488288 0.0005896888 0.0005261392 0.001196983 0.001978241 0.003383557 0.004927173 0.007006251 0.01026002 0.01447111 0.01974048 0.02571856 0.03211763 0.03902509 0.04559056 0.05180539 0.05745027 0.06278124 0.06740543 0.0718451 0.07556611 0.08161484 0.08704378 0.09175151 0.09617599 0.1003797 0.1046548 0.1095516 0.1142568 0.1192364 0.125629 0.1413614 0.1612064 0.1803386 0.2034537 0.2285212 0.2557699 0.2857777 0.3190154 0.3549246 0.3924254 0.431995 0.4724703 0.5140892 0.55591 0.5974548 0.6379501 0.676464 0.7129744 0.7475438 0.7793148 0.8077859 0.8337379 0.856948 0.8774919 0.8955328 0.9113101 0.9248648 0.9365617 0.9465818 0.9551367 0.9624947 0.9695913 0.9781156 0.984858 0.9896154 0.9929059 0.9951764 0.9967421 0.9978109 0.9985351 0.9990223 0.9993521 0.9995725 0.9997196 0.9998166 0.9998804 0.9999224 0.9999499 0.9999679 0.9999794 0.9999868 0.9999924 0.9999967 0.9999987 0.9999995 0.9999998 0.9999999 1.0 1.0 1.0 1.0 1.0 1.0 1.0 1.0 1.0 1.0 1.0 1.0 1.0 1.0 1.0 1.0 1.0 1.0 1.0 0.0
0.0 0.07184771000000001 0.1436954 0.2394924 0.3352893 0.4310863 0.5268832 0.6226801999999999 0.7184771 0.8142741 0.9100711 1.005868 1.101665 1.197462 1.293259 1.389056 1.484853 1.58065 1.676447 1.772244 1.868041 2.011736 2.20333 2.394924 2.586518 2.778112 2.969706 3.161301 3.352894 3.544488 3.736082 4.07137 4.550356 5.02934 5.508325 5.98731 6.466294 6.945279 7.424264 7.903249 8.382234 8.861218 9.340203 9.819188 10.29817 10.77716 11.25614 11.73513 12.21411 12.6931 13.17208 13.65107 14.13005 14.60904 15.08802 15.567 16.04599 16.52498 17.00396 17.48294 17.96193 18.44091 18.9199 19.63838 20.59635 21.55432 22.51229 23.47025 24.42822 25.38619 26.34416 27.30213 28.2601 29.21807 30.17604 31.13401 32.09198 33.04995 34.00792 34.96589 35.92386 36.88183 37.8398 39.27675 41.19269 43.10863 45.02457 46.9405 48.85644 50.77238 52.68832 54.60426 56.5202 58.43614 60.35208 62.26802 64.18396 66.0999 67.29736 67.77634 68.25534 68.73431 69.2133 69.69228 70.17127 70.65026 71.12924 71.60822 72.08721 72.56619 73.04518 73.41572
0.00018768199860608664 0.0004778106180371332 0.0010190715882498352 0.001837061293056236 0.004931903245965454 0.009432608368613605 0.015454279449765646 0.023436797545693916 0.0323820205138943 0.04230324592086304 0.0529008719195644 0.06421243177908378 0.07656996760557795 0.09011010110937354 0.10499609494797225 0.12140626555570458 0.13937838672611452 0.15881260263040248 0.17958131695221166 0.20163712346610896 0.22507843103629382 0.25096016466674 0.279340241119936 0.30988746966995157 0.3421026093512743 0.3755687816451395 0.40985485982199793 0.4444710826342842 0.4791746616392207 0.5134464457911116 0.5469627273471828 0.5780754250814907 0.6062688545548223 0.6320514882904815 0.6553833763212514 0.6764886416283538 0.6955120341216761 0.7126261129199366 0.7280534471399979 0.7419190942289313 0.75438565635644 0.7656163618193882 0.7757626455804731 0.7849816426502751 0.7933813790534887 0.8010750998137751 0.8081463814537205 0.8147018144869653 0.8208112464527136 0.8265275660069151 0.8319064182921718 0.8370034980831166 0.8418602633971433 0.8465000260174924 0.8509521413816572 0.8552507830519999 0.8594080956047551 0.8634382165330997 0.8673548671847189 0.8711792213476655 0.8749123579459396 0.8785611456708657 0.8821282829777981 0.8855773372833882 0.8889170350440644 0.8921599098748284 0.8953176505007979 0.8983985970121281 0.9014159599283684 0.9043722987351861 0.9072844917592314 0.9101562885095645 0.9130066976723259 0.9158437153495168 0.9186780712226993 0.9215167195030054 0.9243534542776187 0.9271832466764306 0.9299856341765727 0.9327475612631468 0.9354490518071901 0.9380779986473836 0.9406289777662941 0.9430630207655661 0.9454262331296327 0.9478065441102108 0.9502615451890929 0.9528316921984284 0.9554632015785682 0.9580209401983345 0.9603681359241681 0.9624380397827471 0.964154699876822 0.9657847944546815 0.9678385369785676 0.9700160522434886 0.9714312198919264 0.9734797712871404 0.9751431326883315 0.9764194948170727 0.977168072980979 0.9773562551177449 0.9776761763183283 0.9789140430801496 0.9819296917823913 0.9866282301811525 0.9913247985700624 0.9936541660885267 0.9953961075939085 0.9981205086653094 1.0 1.0
0.0007351406 0.001660115 0.003080572 0.005834169 0.003550853 0.004787806 0.006483461 0.008129944 0.01148165 0.01564886 0.02119897 0.02767112 0.03397895 0.04055699 0.04668009 0.05185067 0.05673656 0.06141597 0.0661702 0.07044361 0.07469896 0.08015986 0.08421269 0.08775228 0.09133134 0.0947805 0.09848125 0.1025228 0.106216 0.1104248 0.1159309 0.1294371 0.1465609 0.1633789 0.1827897 0.2041275 0.2276141 0.2535488 0.281514 0.3127373 0.346079 0.3813194 0.418705 0.4566045 0.4954942 0.5349085 0.5746688 0.6128467 0.6501836 0.6862984 0.7202243 0.7518255 0.7807452 0.8076932 0.8318316 0.8538986 0.8732408 0.8903819 0.905495 0.9189886 0.9306381 0.9406221 0.9506754 0.9632105 0.9735231 0.9810206 0.9864724 0.9903868 0.9932042 0.9952078 0.9966338 0.9976436 0.9983574 0.9988597 0.9992107 0.9994568 0.9996272 0.9997457 0.9998275 0.9998832 0.9999216 0.9999474 0.9999678 0.9999844 0.9999933 0.9999972 0.9999989 0.9999995 0.9999998 0.9999999 1.0 1.0 1.0 1.0 1.0 1.0 1.0 1.0 1.0 1.0 1.0 1.0 1.0 1.0 1.0 1.0 1.0 1.0 1.0 1.0 1.0 0.0
0.0 0.07184771000000001 0.1436954 0.2394924 0.3352893 0.4310863 0.5268832 0.6226801999999999 0.7184771 0.8142741 0.9100711 1.005868 1.101665 1.197462 1.293259 1.389056 1.484853 1.58065 1.676447 1.772244 1.868041 2.011736 2.20333 2.394924 2.586518 2.778112 2.969706 3.161301 3.352894 3.544488 3.736082 4.07137 4.550356 5.02934 5.508325 5.98731 6.466294 6.945279 7.424264 7.903249 8.382234 8.861218 9.340203 9.819188 10.29817 10.77716 11.25614 11.73513 12.21411 12.6931 13.17208 13.65107 14.13005 14.60904 15.08802 15.567 16.04599 16.52498 17.00396 17.48294 17.96193 18.44091 18.9199 19.63838 20.59635 21.55432 22.51229 23.47025 24.42822 25.38619 26.34416 27.30213 28.2601 29.21807 30.17604 31.13401 32.09198 33.04995 34.00792 34.96589 35.92386 36.88183 37.8398 39.27675 41.19269 43.10863 45.02457 46.9405 48.85644 50.77238 52.68832 54.60426 56.5202 58.43614 60.35208 62.26802 64.18396 66.0999 68.01584 69.93178 71.84772 73.76366 75.67959 77.59554 79.51147 81.42742 83.34335 84.54081 85.0198 85.49878 85.97777 86.45675 86.93574 87.41472 87.8937 88.37269 88.85168 89.33066 89.80965 90.28862 90.76762 91.2466 91.72558 91.76965
0.00015304789026805035 0.00046464074847127145 0.0016754885007177855 0.004315010582477383 0.008019658912267953 0.012753401248262188 0.01850503412117964 0.02509070746203332 0.032571464539545986 0.0409379339783694 0.05035271212531008 0.06061786598256684 0.07192951794251266 0.08429294064732862 0.09778021608982071 0.11238574532089551 0.12833458460560418 0.14580317047905955 0.16480290378643042 0.18552831517905402 0.20796622106180138 0.23301848200879133 0.2604367545836191 0.2901852882826207 0.3219558424542142 0.3553216394918822 0.38966612248476173 0.4245396564250613 0.4596572042661483 0.49466358491329543 0.5291784399079413 0.5614941733430001 0.5912323408285061 0.6187025917068577 0.6438235720937157 0.6666813951791162 0.6874034400394491 0.7061896850597464 0.7231996744233786 0.7384778177052445 0.7523049815904626 0.7647338009757341 0.7759763435192581 0.7861661602732908 0.7954035468404973 0.803844537615264 0.8115505340080469 0.818647757103632 0.8251959290256823 0.8312813102002801 0.8369594643276326 0.8422781993497499 0.8472940340114604 0.852042380571458 0.8565565382522117 0.8608690183643775 0.8650016556156138 0.8689780026000923 0.8728151717277532 0.8765220492908644 0.88011973341892 0.8836158545205105 0.8870118785891297 0.8902653459326476 0.8933927764354045 0.8964088467456208 0.8993317321583139 0.9021728760977252 0.9049412846346353 0.9076440410166534 0.9102886785561667 0.9128800190347081 0.9154147237754546 0.917900205118475 0.920338905988324 0.9227327090167116 0.9250844892858834 0.9273959889564035 0.9296652521764741 0.9318968583850552 0.9340920324268736 0.9362481726012064 0.9383653413838894 0.9404234167806184 0.9424234218829443 0.9443791069458047 0.9463245913362373 0.9483106854177809 0.950379557991891 0.9525084678543893 0.9546102679794365 0.956587081812806 0.9584109368934055 0.9601157961997158 0.9617821461172118 0.9634668038421663 0.9652231452267326 0.9670452987361648 0.9688686480410502 0.9705887757253112 0.9721287903506018 0.9734495995529538 0.9745507198410271 0.9757641195520892 0.9772688134437956 0.9785492791737247 0.9798766929075694 0.9809974345873911 0.9819202755021675 0.982693245243848 0.9833468005833469 0.98387903740045 0.9842504248065335 0.9845500660771694 0.9852280681713667 0.9870434711070661 0.9900501533286533 0.9933687447669746 0.9952213291815293 0.9963313067125963 0.9981080203927446 0.9995624471025405 0.9999999999999999 0.9999999999999999
0.004601142 0.006421969 0.004373809 0.00434966 0.005743394 0.007716347 0.01005665 0.01310651 0.01647318 0.02051388 0.02482893 0.03010863 0.03520115 0.04040616 0.0456577 0.05101836 0.05548349 0.05916447 0.06267092 0.06529531 0.06824114 0.07283259 0.07712428 0.07988331 0.08212131 0.08447587 0.08738979 0.09035163 0.09290566 0.09619042 0.1001934 0.1110476 0.1236955 0.136463 0.1512563 0.1675032 0.1856877 0.2051233 0.2265292 0.251292 0.2763105 0.3052401 0.3343602 0.3657846 0.3990209 0.4325176 0.4680413 0.5026469 0.5389106 0.5736399 0.6084575 0.6419223 0.6737424 0.7044829 0.733527 0.7605163 0.7858912 0.809114 0.8303887 0.8498847 0.8672172 0.8833277 0.8993297 0.9210122 0.9397211 0.9542307 0.9654009 0.9739757 0.9804732 0.9853719 0.9890766 0.9918593 0.9939318 0.9954938 0.9966598 0.9975294 0.9981753 0.9986568 0.9990121 0.9992754 0.9994696 0.9996129 0.9997351 0.9998509 0.9999226 0.9999604 0.99998 0.99999 0.9999952 0.9999977 0.9999989 0.9999995 0.9999998 0.9999999 1.0 1.0 1.0 1.0 1.0 1.0 1.0 1.0 1.0 1.0 1.0 1.0 1.0 1.0 1.0 1.0 1.0 1.0 1.0 1.0 1.0 1.0 1.0 1.0 1.0 1.0 1.0 1.0 1.0 0.0
0.0 0.07184771000000001 0.1436954 0.2394924 0.3352893 0.4310863 0.5268832 0.6226801999999999 0.7184771 0.8142741 0.9100711 1.005868 1.101665 1.197462 1.293259 1.389056 1.484853 1.58065 1.676447 1.772244 1.868041 2.011736 2.20333 2.394924 2.586518 2.778112 2.969706 3.161301 3.352894 3.544488 3.736082 4.07137 4.550356 5.02934 5.508325 5.98731 6.466294 6.945279 7.424264 7.903249 8.382234 8.861218 9.340203 9.819188 10.29817 10.77716 11.25614 11.73513 12.21411 12.6931 13.17208 13.65107 14.13005 14.60904 15.08802 15.567 16.04599 16.52498 17.00396 17.48294 17.96193 18.44091 18.9199 19.63838 20.59635 21.55432 22.51229 23.47025 24.42822 25.38619 26.34416 27.30213 28.2601 29.21807 30.17604 31.13401 32.09198 33.04995 34.00792 34.96589 35.92386 36.88183 37.8398 39.27675 41.19269 43.10863 45.02457 46.9405 48.85644 50.77238 52.68832 54.60426 56.5202 58.43614 60.35208 62.26802 64.18396 66.0999 68.01584 69.93178 71.84772 73.76366 75.67959 77.59554 79.51147 81.42742 83.34335 85.2593 87.17523 89.09117 91.00711 92.92304 94.83898 96.75492 98.67086 100.5868 102.5027 103.7002 104.1792 104.6582 105.1372 105.6161 106.0951 106.5741 107.0531 107.5321 108.0111 108.49 108.969 109.448 109.927 110.1236
0.00024769637248858516 0.0010152616945871143 0.002134889214575197 0.004016276900159591 0.007402652740308009 0.011788255737197955 0.016983491880018606 0.02309737324955504 0.030275473229099067 0.03834286288423694 0.04716861383520195 0.056827208726495784 0.0675842485227489 0.07933712807618691 0.09201717768216888 0.10581010827490665 0.12092047470923172 0.137619170633566 0.1558162409059772 0.17564727572833322 0.19725262134420612 0.2211970218615599 0.24736269048700787 0.27578447208767864 0.30647805627574026 0.3391158373947145 0.37316660122582695 0.40796918833161244 0.44320281373555603 0.47831133189260266 0.5130427791015443 0.5461128848210841 0.5768378523299865 0.6054970796199792 0.6319967854139431 0.6562640560285933 0.6784157524473036 0.6986357913353223 0.7169612747337479 0.7336126478382998 0.7486428456799014 0.762267397648893 0.7745788355885264 0.7857806492624676 0.7959252903141113 0.8051927632469249 0.813621784124773 0.8213797361208127 0.8285084486423151 0.8350938499673062 0.841211995798009 0.8468979685988121 0.8522376802617232 0.8572420274886662 0.8619780905405426 0.8664551561930145 0.8707193551830597 0.8747789997279237 0.8786769769523355 0.8824068467415978 0.8860093799662236 0.8894780959561217 0.8928302282959996 0.8960047316953592 0.8990245609170686 0.9019153822003128 0.9047008979200277 0.9073944688255832 0.9100075786479952 0.9125500503953623 0.9150329638833585 0.9174598335031795 0.9198352883048906 0.9221630393119024 0.9244460384653449 0.9266865699761178 0.9288856944292315 0.9310451208863564 0.9331694054797776 0.9352576801601954 0.9373104582196214 0.9393283688811443 0.941309441726108 0.9432304815268312 0.9450926213764538 0.9468972336039777 0.9486469809373164 0.9503444073057535 0.951992010348072 0.9535909370855271 0.9551447260786907 0.9566572087882056 0.9581298275932999 0.9595662799989195 0.9609732580547873 0.9623649569682361 0.9637728182304702 0.9652318730995724 0.9667549276582051 0.9683038868725841 0.9698070098886571 0.9712164986921221 0.972530708126779 0.9737945133509815 0.9750446329730089 0.9763287691489586 0.9776488574771984 0.9789932700297547 0.9802912487040012 0.9814784304504597 0.9825261442439072 0.9833911400093177 0.9841804856264491 0.9851340842776621 0.9861602750365582 0.9868516351340201 0.9878165278480916 0.9885802797341674 0.9891652470558104 0.9895235293861062 0.9896204453084552 0.9897322835676828 0.9901146721882568 0.9912025145203143 0.9930949107423946 0.9953397657039984 0.9967298841860177 0.9974566933850194 0.9985809864139625 0.9996336418207672 1.0 1.0
0.006771578 0.00545661 0.009121408 0.01068763 0.01002819 0.01202912 0.01485238 0.01769938 0.02042292 0.02380668 0.02783272 0.03180052 0.03503452 0.03919388 0.04375586 0.04791405 0.05147757 0.05420838 0.05709844 0.05940095 0.06177424 0.06646361 0.07108064 0.07419759 0.07583629 0.07700653 0.07859058 0.08078919 0.08322932 0.08626299 0.08957511 0.09785527 0.1081204 0.1181139 0.1296208 0.1426236 0.1571361 0.172261 0.1900634 0.2085584 0.2297895 0.2519183 0.2763774 0.3012169 0.3289468 0.3567711 0.3875562 0.417197 0.4489628 0.4811272 0.512269 0.5458361 0.5760884 0.6080847 0.6372133 0.6668359 0.6946058 0.7217088 0.7457654 0.770634 0.7916891 0.8129352 0.8338358 0.8645266 0.8918014 0.9142787 0.9325646 0.9471865 0.9586932 0.9677629 0.9749513 0.9805654 0.9849461 0.9883523 0.9909967 0.9930509 0.9946438 0.9958742 0.9968297 0.9975641 0.9981316 0.9985704 0.9989593 0.9993589 0.9996287 0.9997864 0.999878 0.9999309 0.9999613 0.9999785 0.9999882 0.9999936 0.9999966 0.9999982 0.999999 0.9999995 0.9999998 0.9999999 1.0 1.0 1.0 1.0 1.0 1.0 1.0 1.0 1.0 1.0 1.0 1.0 1.0 1.0 1.0 1.0 1.0 1.0 1.0 1.0 1.0 1.0 1.0 1.0 1.0 1.0 1.0 1.0 1.0 1.0 1.0 1.0 1.0 0.0
0.0 0.07184771000000001 0.1436954 0.2394924 0.3352893 0.4310863 0.5268832 0.6226801999999999 0.7184771 0.8142741 0.9100711 1.005868 1.101665 1.197462 1.293259 1.389056 1.484853 1.58065 1.676447 1.772244 1.868041 2.011736 2.20333 2.394924 2.586518 2.778112 2.969706 3.161301 3.352894 3.544488 3.736082 4.07137 4.550356 5.02934 5.508325 5.98731 6.466294 6.945279 7.424264 7.903249 8.382234 8.861218 9.340203 9.819188 10.29817 10.77716 11.25614 11.73513 12.21411 12.6931 13.17208 13.65107 14.13005 14.60904 15.08802 15.567 16.04599 16.52498 17.00396 17.48294 17.96193 18.44091 18.9199 19.63838 20.59635 21.55432 22.51229 23.47025 24.42822 25.38619 26.34416 27.30213 28.2601 29.21807 30.17604 31.13401 32.09198 33.04995 34.00792 34.96589 35.92386 36.88183 37.8398 39.27675 41.19269 43.10863 45.02457 46.9405 48.85644 50.77238 52.68832 54.60426 56.5202 58.43614 60.35208 62.26802 64.18396 66.0999 68.01584 69.93178 71.84772 73.76366 75.67959 77.59554 79.51147 81.42742 83.34335 85.2593 87.17523 89.09117 91.00711 92.92304 94.83898 96.75492 98.67086 100.5868 102.5027 104.4187 106.3346 108.2506 110.1665 112.0824 113.9984 115.9143 117.8303 119.7462 120.9437 121.4226 121.9016 122.3806 122.8596 123.3386 123.8176 124.2965 124.7755 125.2545 125.7335 126.2125 126.6915 127.1705 127.6494 128.1284 128.4775
0.0006175556823211793 0.002167770666397417 0.004639850618846111 0.008018062549324544 0.01236297114277656 0.017795485518817183 0.023384804012859604 0.02967531326222157 0.03677375184829773 0.04490679125002449 0.05344116639298145 0.06301584733045652 0.0737701257997479 0.08553411928790286 0.0984077311657861 0.1124434074945685 0.12754533940563495 0.14384352010033563 0.16121953607680686 0.17971809979641942 0.19944660396731767 0.22148445294746283 0.24631083184138294 0.27371847355036805 0.30323853065656065 0.33430267465559604 0.36656549764334206 0.3996519572898801 0.4334755846629704 0.4675800973744091 0.5017684459509181 0.5349415028710203 0.5659712224148429 0.5951674039790875 0.6222557821537141 0.6471779409359504 0.6701650354709978 0.6912367144016033 0.7105561492314713 0.7281414319472861 0.7440951735078508 0.7586356411053816 0.7718501275406191 0.7838633930009163 0.7947890443985395 0.8047703354916693 0.8138793030236258 0.8222369604431 0.8299315444805734 0.837001532693081 0.84355470281274 0.8496381354053572 0.8553093356643062 0.8606076215752947 0.865582251366599 0.8702692185696232 0.8746931233182064 0.8788925880708789 0.8828812600644614 0.8866855051610134 0.8903274311886569 0.893819434677307 0.8971592381894635 0.9002904232929666 0.9032376464262363 0.90603201131622 0.908698586335589 0.9112599645254722 0.9137298916557067 0.9161240299219049 0.9184491375298021 0.9207124930885036 0.9229237569736908 0.925088277292549 0.9272077734048197 0.9292843997887341 0.931320250891904 0.933320678961557 0.9352883828915423 0.9372221388852316 0.9391221994852311 0.940989639860635 0.9428245179720414 0.9446039340011556 0.9463312637388114 0.9480041668188594 0.9496293314803126 0.9512062894843398 0.9527338526386805 0.9542192858902988 0.9556592999752541 0.9570599174136903 0.9584195890016222 0.9597408861195825 0.961026142095648 0.9622772886737516 0.963496934494811 0.964684959497587 0.9658447618291444 0.966977914705716 0.9680866409162383 0.9691726718265765 0.9702385465249304 0.9712859972051738 0.9723219563688407 0.9733614416068918 0.9744253456449111 0.9755356703259274 0.9766834176810939 0.9778305920543482 0.9789297812624617 0.9799596144049165 0.9809352610122413 0.9818816557337269 0.9828255035009315 0.9837834833039591 0.9847520131778489 0.9857061265949807 0.9865963405227581 0.9873921411903213 0.9880758046607835 0.988641905822165 0.9892289303454469 0.9899317829139139 0.9905431918748094 0.9911546612803287 0.9916740052132405 0.9921034779268053 0.9924586161733413 0.9927594602436363 0.9930116625380154 0.9931889627655087 0.9933113080659431 0.9935246966318183 0.994173270756207 0.9953531746511844 0.9968251254396823 0.9978133904832117 0.998294603794668 0.9989945649572998 0.9997183384036415 1.0 1.0
0.004104834 0.00516974 0.007166148 0.009513509 0.01148132 0.01330618 0.01772864 0.02064937 0.02322159 0.02499299 0.02882535 0.03094205 0.03323828 0.03645194 0.03942829 0.04244769 0.04583313 0.04896739 0.05234737 0.0554794 0.0587404 0.06269743 0.06501134 0.0670384 0.06906532 0.07136515 0.0732713 0.07531937 0.07693798 0.07891742 0.08134881 0.08741859 0.09616616 0.1041773 0.1137668 0.1249174 0.1361039 0.148881 0.1623039 0.1776974 0.1952051 0.2126577 0.2323678 0.2533078 0.2759311 0.2992813 0.3244458 0.350331 0.3763007 0.4056873 0.4334974 0.4621396 0.4915803 0.5204987 0.5497616 0.5781941 0.6066687 0.6342598 0.6606777 0.6871554 0.7111807 0.7343574 0.7601866 0.7972367 0.8327739 0.8627878 0.8881028 0.9095288 0.9269741 0.941299 0.9529411 0.9623651 0.9699699 0.9761328 0.9809735 0.9848648 0.9879825 0.9904853 0.9924706 0.9940329 0.9952684 0.9962689 0.9971802 0.998157 0.9988603 0.9992947 0.9995663 0.9997353 0.9998383 0.9999021 0.9999411 0.9999648 0.999979 0.9999877 0.9999928 0.9999959 0.9999976 0.9999987 0.9999992 0.9999996 0.9999998 0.9999999 0.9999999 1.0 1.0 1.0 1.0 1.0 1.0 1.0 1.0 1.0 1.0 1.0 1.0 1.0 1.0 1.0 1.0 1.0 1.0 1.0 1.0 1.0 1.0 1.0 1.0 1.0 1.0 1.0 1.0 1.0 1.0 1.0 1.0 1.0 1.0 1.0 1.0 1.0 1.0 1.0 0.0
0.0 0.07184771000000001 0.1436954 0.2394924 0.3352893 0.4310863 0.5268832 0.6226801999999999 0.7184771 0.8142741 0.9100711 1.005868 1.101665 1.197462 1.293259 1.389056 1.484853 1.58065 1.676447 1.772244 1.868041 2.011736 2.20333 2.394924 2.586518 2.778112 2.969706 3.161301 3.352894 3.544488 3.736082 4.07137 4.550356 5.02934 5.508325 5.98731 6.466294 6.945279 7.424264 7.903249 8.382234 8.861218 9.340203 9.819188 10.29817 10.77716 11.25614 11.73513 12.21411 12.6931 13.17208 13.65107 14.13005 14.60904 15.08802 15.567 16.04599 16.52498 17.00396 17.48294 17.96193 18.44091 18.9199 19.63838 20.59635 21.55432 22.51229 23.47025 24.42822 25.38619 26.34416 27.30213 28.2601 29.21807 30.17604 31.13401 32.09198 33.04995 34.00792 34.96589 35.92386 36.88183 37.8398 39.27675 41.19269 43.10863 45.02457 46.9405 48.85644 50.77238 52.68832 54.60426 56.5202 58.43614 60.35208 62.26802 64.18396 66.0999 68.01584 69.93178 71.84772 73.76366 75.67959 77.59554 79.51147 81.42742 83.34335 85.2593 87.17523 89.09117 91.00711 92.92304 94.83898 96.75492 98.67086 100.5868 102.5027 104.4187 106.3346 108.2506 110.1665 112.0824 113.9984 115.9143 117.8303 119.7462 121.6621 123.5781 125.494 127.41 129.3259 131.2418 133.1578 135.0737 136.9896 138.9056 140.103 140.582 141.061 141.54 142.019 142.498 142.977 143.4559 143.9349 144.4139 144.8929 145.3719 145.8509 146.3299 146.8088 146.8314
0.0005497263014945965 0.0017455536007133315 0.0041768105548964166 0.007885393838737794 0.01308262477469079 0.019757023039626453 0.02715579432324849 0.035187768541985145 0.04367581762282552 0.052434775063689765 0.061877460333030744 0.0716827768438299 0.0824659678352313 0.09385256886641831 0.10619378946060629 0.1197109939889349 0.13451041939401154 0.15057304610426464 0.16769487092653848 0.18589043286025564 0.20526000029365798 0.226727090636322 0.2506217990269385 0.2768556570256249 0.3049850713641215 0.33462194884829344 0.36558712478142574 0.3974815082013813 0.43003124387832764 0.46295215630353975 0.49604510939887725 0.5285072453182964 0.559565120880966 0.5886083225553832 0.6159434744311423 0.641340857823542 0.6646214036324901 0.6861973203393282 0.7061203381861413 0.724377734509341 0.7410379315526361 0.7561836328639142 0.7700299225318316 0.7827285539605953 0.7942661062156325 0.8048289345222467 0.8145295852001531 0.8233852781105886 0.8315398695454389 0.8390810049823547 0.8460368771123263 0.8524704425460609 0.8584680458158636 0.8640605313799151 0.8692947041760362 0.8741965124527673 0.8788088749373922 0.8831694982630616 0.887283498927285 0.8911881379998234 0.8949081292858704 0.8984532652047053 0.9018224788148895 0.9049504801168438 0.9078602675798374 0.9105922444930604 0.913177158471158 0.915640785273112 0.9179975716268223 0.9202643433691847 0.922458637492842 0.9245850351542158 0.9266514322187158 0.9286699229060449 0.9306406389732873 0.9325664366812788 0.9344544579290212 0.9363078449359434 0.9381248478682102 0.9399078466660926 0.9416643252982473 0.9433898044394377 0.9450816165282488 0.9467234049825115 0.9483168032575641 0.9498645603797695 0.9513644564292904 0.9528225451661776 0.9542378120193169 0.9556118867033088 0.9569483087870237 0.9582466717769957 0.9595087791242968 0.9607353548694355 0.9619273998674894 0.9630886353209123 0.9642191996369882 0.965320132740719 0.9663925709850041 0.9674397671488453 0.9684613550556129 0.9694588384817487 0.9704349614659654 0.9713878922938419 0.9723216356326005 0.9732356698571907 0.9741311620776857 0.9750105653865556 0.9758735510145453 0.976721619412996 0.9775567519258254 0.9783778130314094 0.9791881556773846 0.9799904977173025 0.9807897985377015 0.9816002035293004 0.9824356527578977 0.9833040620395027 0.9841892526847923 0.9850573618761291 0.985882063966131 0.9866583837740349 0.987401218163143 0.9881228554558659 0.9888380761370084 0.9895539871920227 0.9902605459878603 0.9909342511338879 0.9915456380883937 0.9920846850002039 0.9925321520098764 0.9929309320751706 0.9933869171595764 0.9938715492267494 0.9942079882404599 0.994650832114324 0.9949976865879124 0.9952611982631528 0.9954265126717674 0.9954747715095307 0.995521443858992 0.9956543136050872 0.9960601607546345 0.9968173026330829 0.9977940154068987 0.9984882114812147 0.9988158768031353 0.99926402421138 0.9997594229521106 0.9999679441247894 1.0 1.0
0.01182522 0.0106358 0.01033275 0.01107405 0.01145108 0.01201764 0.01394495 0.01620079 0.01894754 0.02272373 0.02569649 0.02996386 0.03248149 0.03638725 0.03916016 0.04125702 0.04303616 0.04482578 0.0470873 0.04921672 0.05151016 0.05497733 0.0582746 0.06101735 0.0635329 0.06578372 0.0674339 0.06910012 0.07083898 0.07291573 0.07503355 0.08018024 0.08641633 0.09424534 0.10159 0.1104441 0.1213562 0.1311559 0.1421317 0.154902 0.1687451 0.1845592 0.2007713 0.216717 0.236545 0.256337 0.2759086 0.2995386 0.3224868 0.3447703 0.3705411 0.3971445 0.4215018 0.4482645 0.4748336 0.5020357 0.5292247 0.5550005 0.5826289 0.6087692 0.6333813 0.6575056 0.6862391 0.7265982 0.7680051 0.8037471 0.8358123 0.8629717 0.8867544 0.9064118 0.9230731 0.937025 0.9484809 0.95795 0.9657359 0.9722452 0.9773604 0.9816359 0.9851528 0.9879748 0.9902415 0.9921329 0.9938711 0.9958482 0.997288 0.9982488 0.9988639 0.9992672 0.9995306 0.9996974 0.9998082 0.9998773 0.9999227 0.9999511 0.9999693 0.999981 0.9999881 0.9999927 0.9999955 0.9999973 0.9999983 0.999999 0.9999994 0.9999996 0.9999998 0.9999999 0.9999999 1.0 1.0 1.0 1.0 1.0 1.0 1.0 1.0 1.0 1.0 1.0 1.0 1.0 1.0 1.0 1.0 1.0 1.0 1.0 1.0 1.0 1.0 1.0 1.0 1.0 1.0 1.0 1.0 1.0 1.0 1.0 1.0 1.0 1.0 1.0 1.0 1.0 1.0 1.0 1.0 1.0 1.0 1.0 1.0 0.0
0.0 0.07184771000000001 0.1436954 0.2394924 0.3352893 0.4310863 0.5268832 0.6226801999999999 0.7184771 0.8142741 0.9100711 1.005868 1.101665 1.197462 1.293259 1.389056 1.484853 1.58065 1.676447 1.772244 1.868041 2.011736 2.20333 2.394924 2.586518 2.778112 2.969706 3.161301 3.352894 3.544488 3.736082 4.07137 4.550356 5.02934 5.508325 5.98731 6.466294 6.945279 7.424264 7.903249 8.382234 8.861218 9.340203 9.819188 10.29817 10.77716 11.25614 11.73513 12.21411 12.6931 13.17208 13.65107 14.13005 14.60904 15.08802 15.567 16.04599 16.52498 17.00396 17.48294 17.96193 18.44091 18.9199 19.63838 20.59635 21.55432 22.51229 23.47025 24.42822 25.38619 26.34416 27.30213 28.2601 29.21807 30.17604 31.13401 32.09198 33.04995 34.00792 34.96589 35.92386 36.88183 37.8398 39.27675 41.19269 43.10863 45.02457 46.9405 48.85644 50.77238 52.68832 54.60426 56.5202 58.43614 60.35208 62.26802 64.18396 66.0999 68.01584 69.93178 71.84772 73.76366 75.67959 77.59554 79.51147 81.42742 83.34335 85.2593 87.17523 89.09117 91.00711 92.92304 94.83898 96.75492 98.67086 100.5868 102.5027 104.4187 106.3346 108.2506 110.1665 112.0824 113.9984 115.9143 117.8303 119.7462 121.6621 123.5781 125.494 127.41 129.3259 131.2418 133.1578 135.0737 136.9896 138.9056 140.8215 142.7375 144.6534 146.5693 148.4853 150.4012 152.3172 154.2331 156.149 158.065 159.9809 161.8968 163.8128 165.7287 167.6447 169.5606 171.4765 173.3925 175.3084 176.5059 176.9849 177.4639 177.9428 178.4218 178.9008 179.3798 179.8588 180.3378 180.8168 181.2957 181.7747 182.2537 182.7327 183.2117 183.5393
0.0003433946483214457 0.0010777314653300331 0.002699882879503586 0.005288699929875718 0.008944161029628394 0.013943695367826059 0.019841147310610097 0.02679244599190964 0.03474161210866329 0.04376557411894506 0.05382085748216596 0.06475186512363564 0.07651778738323824 0.08926793742981665 0.10312286958016795 0.11814997504663503 0.13427259017787865 0.15151476615066087 0.1697882550698192 0.18881854062037104 0.20845259813590605 0.2297582082331233 0.2528576527775177 0.27764532432131805 0.30398156463329457 0.331713891270351 0.36051115290252866 0.3902746312604404 0.420660527340084 0.45139503938433256 0.48250207986165844 0.5135132392846118 0.5435800012161149 0.5724481890203799 0.599733774086136 0.6254308676159974 0.6492837713862717 0.6714494023020412 0.6920292107656706 0.7110940262737723 0.7286982476955626 0.7449502104085083 0.7599977858558965 0.7736783532796451 0.7862023205452476 0.7977580198837426 0.8084733361348687 0.8183374500520366 0.8274515640440019 0.8358629692309585 0.8436208608196215 0.8508065008512948 0.8575014540035507 0.8637345842104723 0.8695612192664882 0.8750265612608852 0.8801406854594268 0.8849249907682463 0.8894177985048097 0.893663344003658 0.8976767098998097 0.9014892551952487 0.9050723731967194 0.9083394355334227 0.9113356947340232 0.9140984107874075 0.9166709998085515 0.9190788916505506 0.9213550459249847 0.9235141942928669 0.9255764582830817 0.9275546267999312 0.9294588310128228 0.9313004466828173 0.9330858443033608 0.9348221097664121 0.9365113526989574 0.9381627925786462 0.9397760809534417 0.9413574844957375 0.9429061650712017 0.9444253495390446 0.9459143044266435 0.9473562481325966 0.9487529313236498 0.9501075943095143 0.9514228843168807 0.9527016200663253 0.953945635449568 0.9551540456758523 0.956329641303768 0.9574736152246061 0.9585871195578264 0.9596720218214012 0.9607293745170186 0.9617581377528349 0.9627608965469745 0.9637392725254413 0.9646942526187325 0.9656251869995276 0.9665341785695626 0.9674221070756563 0.9682898308278917 0.9691381619002551 0.9699678320840562 0.9707800124135221 0.9715753930674753 0.9723536054181283 0.9731162517563899 0.9738627894386183 0.9745946147949286 0.9753122977902928 0.9760163886342598 0.9767074240858773 0.9773858980307222 0.9780522862802605 0.978707085662366 0.9793512961377083 0.9799853687183927 0.9806079982855125 0.9812208035227745 0.9818242182088298 0.982418841731621 0.9830049283896789 0.9835829203682176 0.9841532606931077 0.9847163831430003 0.9852729211524178 0.9858234762109437 0.9863677624954355 0.9869068409141446 0.9874413415389683 0.9879720638340489 0.988502639854933 0.9890398230140124 0.9895919135312714 0.9901623408640886 0.9907426568369705 0.9913137613184378 0.9918575066406001 0.9923671721766615 0.9928457098912218 0.9933015095341617 0.9937435783174147 0.9941772338124105 0.9946002621507816 0.9950007777134208 0.9953638151368636 0.9956844910486595 0.995952394340853 0.9961892706903015 0.9964512839241243 0.9967251037553618 0.9969174257412031 0.9971600593253267 0.9973497412300558 0.9974932727851908 0.99758393252328 0.9976113935280959 0.9976368244320115 0.9977031219505073 0.9979070781992216 0.9982955316049307 0.9988084067667479 0.999188710009622 0.9993663532957974 0.9995959008036166 0.999861849569911 0.999980594374021 1.0 1.0
0.01839319 0.01949918 0.01786992 0.0181651 0.01867144 0.01882933 0.02101907 0.02282248 0.02467219 0.02612678 0.02735975 0.02887766 0.030216 0.03105807 0.03165047 0.03231023 0.03331433 0.0343787 0.03565688 0.03743708 0.03997554 0.04312647 0.04707618 0.05103704 0.05428338 0.05658222 0.05841859 0.05988694 0.06152336 0.06337476 0.06544899 0.06991081 0.07478561 0.07961933 0.08558274 0.09193905 0.09964885 0.1076573 0.1161801 0.1250734 0.1351013 0.1457239 0.1562434 0.1705346 0.1850329 0.198619 0.2121432 0.2287331 0.245595 0.263192 0.2826667 0.3031987 0.3227919 0.3426263 0.363788 0.385298 0.407818 0.4313409 0.4564585 0.4795818 0.5013469 0.5233898 0.5532973 0.5951394 0.6397749 0.6809969 0.7213024 0.7568216 0.7897448 0.8185743 0.8452272 0.8672085 0.8873386 0.9046759 0.9191619 0.9321235 0.942448 0.9521197 0.9593784 0.9663123 0.971662 0.9763001 0.9808295 0.9861854 0.9903918 0.9933349 0.9953908 0.9968158 0.9978022 0.998484 0.9989566 0.999284 0.9995097 0.9996655 0.9997725 0.999845 0.9998948 0.9999289 0.9999521 0.9999678 0.9999785 0.9999856 0.9999905 0.9999937 0.9999959 0.9999973 0.9999983 0.9999989 0.9999993 0.9999995 0.9999998 0.9999998 0.9999999 0.9999999 1.0 1.0 1.0 1.0 1.0 1.0 1.0 1.0 1.0 1.0 1.0 1.0 1.0 1.0 1.0 1.0 1.0 1.0 1.0 1.0 1.0 1.0 1.0 1.0 1.0 1.0 1.0 1.0 1.0 1.0 1.0 1.0 1.0 1.0 1.0 1.0 1.0 1.0 1.0 1.0 1.0 1.0 1.0 1.0 1.0 1.0 1.0 1.0 1.0 1.0 1.0 1.0 1.0 1.0 1.0 1.0 0.0
