0.25 2.0 3.0 4.0 5.0 6.0 7.0 8.0 9.0 10.0 12.0 14.0 16.0 18.0 20.0 22.0 24.0 26.0 28.0 30.0 35.0 40.0 45.0 50.0 55.0 60.0 70.0 80.0 100.0 120.0 140.0 160.0 200.0
0.0 0.7755331999999999
1.0 1.0
0.0 0.0
0.0 0.7755331999999999
1.0 1.0
0.0 0.0
0.0 0.7755331999999999 1.260242 1.74495 2.229658 2.714366 2.819277
0.996695939866719 0.9966959438463411 0.9966959438464185 0.9995341620015848 0.9999999999999225 1.0 1.0
0.0 0.0 0.0 0.0 0.0 0.0 0.0
0.0 0.7755331999999999 1.260242 1.74495 2.229658 2.714366 3.199074 3.683783 3.759036
1.441304670266702e-09 0.00011452301085596196 0.9818758816144632 0.9999943059354945 0.9999981009841674 0.9999997979337434 0.9999999999999516 1.0 1.0
0.0 0.0 0.0 0.0 0.0 0.0 0.0 0.0 0.0
0.0 0.7755331999999999 1.260242 1.74495 2.229658 2.714366 3.199074 3.683783 4.168491 4.6532 4.698795
0.00020364064285463996 0.009387633475101863 0.009388240554278527 0.025306080432002106 0.9139891164580086 0.9999846879089032 0.9999997731945488 0.9999999707377862 0.9999999999999516 1.0 1.0
0.0 0.0 0.0 0.0 0.0 0.0 0.0 0.0 0.0 0.0 0.0
0.0 0.7755331999999999 1.260242 1.74495 2.229658 2.714366 3.199074 3.683783 4.168491 4.6532 5.137908 5.622616 5.638554
6.383852655606218e-10 0.0028745136981321614 0.08283672146849479 0.1688904057567421 0.1689639113086475 0.22711123358576804 0.8929411763578153 0.9997595768090867 0.9999998981674076 0.9999999911262486 0.9999999999999516 1.0 1.0
0.0 0.0 0.0 0.0 0.0 0.0 0.0 0.0 0.0 0.0 0.0 0.0 0.0
0.0 0.7755331999999999 1.260242 1.74495 2.229658 2.714366 3.199074 3.683783 4.168491 4.6532 5.137908 5.622616 6.107324 6.578314
3.5788285068795125e-05 0.00034978712724696736 0.0006196503919042977 0.10027321256708216 0.329418118144981 0.4325263190460665 0.433166237417685 0.5090644626397341 0.9184544445351221 0.9994127453261257 0.9999998017292673 0.999999996370974 1.0 1.0
0.0 0.0 0.0 0.0 0.0 0.0 0.0 0.0 0.0 0.0 0.0 0.0 0.0 0.0
0.0 0.7755331999999999 1.260242 1.74495 2.229658 2.714366 3.199074 3.683783 4.168491 4.6532 5.137908 5.622616 6.107324 6.592033 7.076741 7.518072
8.19238674132227e-06 0.0013547793616866485 0.02629290366043115 0.06257389382829882 0.1002674909950209 0.29464991706018423 0.5298136736168896 0.6006396528070659 0.6026071033224468 0.678786954794021 0.9420142988569021 0.9992174347302601 0.9999993089936654 0.9999999990569323 1.0 1.0
0.0 0.0 0.0 0.0 0.0 0.0 0.0 0.0 0.0 0.0 0.0 0.0 0.0 0.0 0.0 0.0
0.0 0.1454125 0.24235410000000002 0.3392958 0.4362375 0.5331791 0.8240041 1.308712 1.79342 2.278129 2.762837 3.247546 3.732254 4.216962 4.70167 5.186378 5.671087 6.155795 6.640504 7.125212 7.60992 8.094628 8.45783
4.8470569129912106e-14 1.986944346228661e-13 3.2495880959933224e-09 1.2692806169925965e-07 1.6990758184848718e-06 1.1498128426633554e-05 0.0016108141239152528 0.01849706855030464 0.12449071571253861 0.16253154288289745 0.3042337006759833 0.41801433865121423 0.5979568672536529 0.7190689211626287 0.7523371131318384 0.7559294972452595 0.828468321358906 0.9738261779463389 0.9995952506596711 0.999999431709769 0.9999999995570276 1.0 1.0
1.0 1.0 0.02818916 0.03426629 0.03701655 0.0411737 0.05199227 0.05199227 0.05199227 0.05199227 0.05199227 0.05199227 0.05199227 0.05199227 0.05199227 0.05199227 0.05199227 0.05199227 0.05199227 0.05199227 0.05199227 0.05199227 0.0
0.0 0.1454125 0.24235410000000002 0.3392958 0.4362375 0.5331791 0.6301208 0.7270624 0.8240041 0.9209457 1.017887 1.114829 1.211771 1.308712 1.405654 1.502596 1.79342 2.278129 2.762837 3.247546 3.732254 4.216962 4.70167 5.186378 5.671087 6.155795 6.640504 7.125212 7.60992 8.094628 8.579337 9.064045 9.39759
4.7405730015149956e-14 2.9771319912544344e-13 3.790987880681557e-09 9.375047144393087e-08 1.2976237257516654e-06 8.8692195180414e-06 3.999444707981843e-05 0.000140499809342238 0.0003969373134007905 0.0009692847060511019 0.002111028484658281 0.004175934383517685 0.007659996704345325 0.013186333902580435 0.021486129113632887 0.03344927796077408 0.062186669420542 0.1434419394899796 0.33298109362564265 0.37768059169370977 0.5153853725162075 0.6123011729018799 0.7432452803497271 0.8182955670117518 0.8361154378113227 0.8401999638632726 0.8945014261778863 0.9834014864867572 0.9996666579270432 0.9999992366184229 0.9999999997369025 1.0 1.0
1.0 0.9999996 0.03812898 0.06947672 0.06664998 0.06872545 0.07062825 0.06341835 0.05000259 0.05084847 0.0513869 0.05215808 0.05447084 0.05704036 0.05980694 0.06256359 0.1063849 0.1063849 0.1063849 0.1063849 0.1063849 0.1063849 0.1063849 0.1063849 0.1063849 0.1063849 0.1063849 0.1063849 0.1063849 0.1063849 0.1063849 0.1063849 0.0
0.0 0.1454125 0.24235410000000002 0.3392958 0.4362375 0.5331791 0.6301208 0.7270624 0.8240041 0.9209457 1.017887 1.114829 1.211771 1.308712 1.405654 1.502596 1.599537 1.696479 1.79342 1.890362 2.035775 2.229658 2.423541 2.617424 2.811308 3.005192 3.199076 3.538372 4.02308 4.507788 4.992496 5.477205 5.961912 6.446621 6.93133 7.416038 7.900746 8.385454 8.870162 9.354871 9.839578 10.32429 10.80899 11.27711
3.5686665899895078e-06 7.279001125628277e-06 2.7752709169648798e-05 0.0002733348516417394 0.0020512313593785978 0.0064163180330143125 0.012365309585549612 0.018610527846833216 0.0245637335724353 0.02982220079612118 0.03450969240088649 0.03855699180111472 0.042571971045874964 0.04683373461046498 0.05200598026703492 0.058632922600955255 0.06732080592832657 0.07869593499465162 0.09330004485139334 0.11167703971111041 0.13887950271707958 0.17596074263209405 0.22302853813934218 0.2783306278010477 0.34123909293308663 0.4100755063410213 0.4833444918176358 0.5614741569279957 0.6368743690455849 0.7275600972852722 0.763401052958496 0.7998535810144229 0.8414369509938268 0.8878308926408054 0.9279109546633586 0.9359399475485758 0.9375593770097957 0.9509915329235564 0.985702524646648 0.9992030074106314 0.9999930331246373 0.9999999904415864 0.9999999999999999 0.9999999999999999
1.0 0.9999187 7.392553e-06 2.230319e-05 3.952156e-05 0.0001055912 0.0003312392 0.001009411 0.002753862 0.006951601 0.01545132 0.03230329 0.05452035 0.08084043 0.09954273 0.1111041 0.1166817 0.1186656 0.1194793 0.1195038 0.1191378 0.1187856 0.1185681 0.1043962 0.1069916 0.1114633 0.1216009 0.1204028 0.09456836 0.09456836 0.09456836 0.09456836 0.09456836 0.09456836 0.09456836 0.09456836 0.09456836 0.09456836 0.09456836 0.09456836 0.09456836 0.09456836 0.09456836 0.0
0.0 0.1454125 0.24235410000000002 0.3392958 0.4362375 0.5331791 0.6301208 0.7270624 0.8240041 0.9209457 1.017887 1.114829 1.211771 1.308712 1.405654 1.502596 1.599537 1.696479 1.79342 1.890362 2.035775 2.229658 2.423541 2.617424 2.811308 3.005192 3.199076 3.392959 3.586842 3.780725 4.12002 4.604728 5.089437 5.574146 6.058854 6.543562 7.02827 7.512978 7.997686 8.482395 8.967103 9.451812 9.93652 10.42123 10.90594 11.39064 11.87535 12.36006 12.84477 13.15663
1.1728479899234055e-05 2.4470440615311528e-05 5.020534945978819e-05 0.0002857308378203098 0.0026812644859488424 0.00936161696127524 0.020512276131077447 0.03558657154211231 0.053543888807675105 0.07419800202537048 0.09712667542949877 0.12129256246223177 0.14653074114569398 0.17237298909146193 0.1987819885006371 0.22555574417931662 0.2526687388217671 0.2803947539553132 0.3080868048489158 0.33591501527904016 0.36578882102757165 0.3978059795987871 0.43161129110546764 0.467643491831961 0.5059963805700934 0.5459440252723722 0.587180546061474 0.6291937057180583 0.671385486514776 0.7132707318512168 0.75287651525791 0.7889713241564743 0.8228079019270969 0.8644182058586798 0.883616448360954 0.9128533804847695 0.9208397323693731 0.9346202776864719 0.9503757792587251 0.9658494280689053 0.9735691014153395 0.9749015087145778 0.9761647898343022 0.9849867931381059 0.9969481688816146 0.9998703441673112 0.9999989733250215 0.9999999972321288 1.0 1.0
0.999833 0.9997212 1.302419e-05 3.03401e-05 3.597157e-05 8.29473e-05 0.0002087247 0.0004854784 0.001010716 0.001927661 0.003385615 0.005707357 0.009008725 0.01363864 0.01965212 0.02732377 0.03662819 0.04704088 0.04386428 0.05541558 0.077431 0.09968475 0.121288 0.1375843 0.1486023 0.1574579 0.1630204 0.1668483 0.1700995 0.1731116 0.1813442 0.183509 0.2203572 0.171805 0.171805 0.171805 0.171805 0.171805 0.171805 0.171805 0.171805 0.171805 0.171805 0.171805 0.171805 0.171805 0.171805 0.171805 0.171805 0.0
0.0 0.1454125 0.24235410000000002 0.3392958 0.4362375 0.5331791 0.6301208 0.7270624 0.8240041 0.9209457 1.017887 1.114829 1.211771 1.308712 1.405654 1.502596 1.599537 1.696479 1.79342 1.890362 2.035775 2.229658 2.423541 2.617424 2.811308 3.005192 3.199076 3.392959 3.586842 3.780725 4.12002 4.604728 5.089437 5.574146 6.058854 6.543562 7.02827 7.512978 7.997686 8.482395 8.967103 9.451812 9.93652 10.42123 10.90594 11.39064 11.87535 12.36006 12.84477 13.32948 13.81419 14.29889 14.7836 15.03614
3.056886779094271e-06 6.5271351972563344e-06 1.68360296225129e-05 0.00014725300081044827 0.001391360150259837 0.005307033276557588 0.011791888706236152 0.020352285529146794 0.03139799823122661 0.04483480749953352 0.06046705662649396 0.07805943566263869 0.09783240495945994 0.11971264797090268 0.14365257351078747 0.16956407623428787 0.19769715761091555 0.22805935674216546 0.2604399192617282 0.2950551687431467 0.33478163720200826 0.3796704689300679 0.4278411688176428 0.47804149210640856 0.529202686040557 0.5795231485595984 0.6285260193341311 0.6746909777484769 0.7183282213496326 0.7573791376751751 0.791223137073652 0.8204562463174512 0.8466531161923795 0.870429863960325 0.8919130224960244 0.9111014657981903 0.9291208619749817 0.9389970606137881 0.9475832144121612 0.957836487292162 0.9609630986002441 0.9664986522573826 0.9746378030002427 0.9811024755256285 0.9836310707113157 0.9840573918226566 0.9852588916184083 0.9915550530655391 0.9984128970297955 0.9999310490594083 0.9999993652355975 0.9999999965186132 1.0 1.0
1.0 0.9959366 2.296649e-05 5.047734e-05 6.609749e-05 0.0001361997 0.000347951 0.0008345134 0.001664343 0.003018456 0.005086231 0.008071084 0.01189565 0.01674078 0.02262625 0.02958205 0.03711799 0.04531297 0.04869078 0.05701102 0.06577639 0.07909527 0.09334607 0.1068895 0.1165969 0.1296834 0.1412046 0.1552642 0.1672721 0.1745019 0.20435 0.2339923 0.2554316 0.2732609 0.2910767 0.3044943 0.359092 0.999945 0.999945 0.999945 0.999945 0.999945 0.999945 0.999945 0.999945 0.999945 0.999945 0.999945 0.999945 0.999945 0.999945 0.999945 0.999945 0.0
0.0 0.1454125 0.24235410000000002 0.3392958 0.4362375 0.5331791 0.6301208 0.7270624 0.8240041 0.9209457 1.017887 1.114829 1.211771 1.308712 1.405654 1.502596 1.599537 1.696479 1.79342 1.890362 2.035775 2.229658 2.423541 2.617424 2.811308 3.005192 3.199076 3.392959 3.586842 3.780725 4.12002 4.604728 5.089437 5.574146 6.058854 6.543562 7.02827 7.512978 7.997686 8.482395 8.967103 9.451812 9.93652 10.42123 10.90594 11.39064 11.87535 12.36006 12.84477 13.32948 13.81419 14.29889 14.7836 15.26831 15.75302 16.23773 16.72244 16.91566
2.4744711208012796e-07 5.409741690511588e-07 3.2982267196201912e-06 9.37295731538542e-05 0.0008894925807424308 0.0032890303792356447 0.007406764018163525 0.013038422790607676 0.02024031925661872 0.0290330720079423 0.03986564274703693 0.052777962245244746 0.06754728464928951 0.08425802328964005 0.10311391133367037 0.12426507257747893 0.1478902118102301 0.17410063483066499 0.20301564082095122 0.23486460064142983 0.2728649027581356 0.31704091976136123 0.36597129588754396 0.41827544266133343 0.47249012683881186 0.5271599123394815 0.581039783221496 0.6332108102118637 0.6830230145387383 0.7288199895253935 0.7687526714307328 0.802557041072198 0.8310621021592319 0.8550241124156741 0.8755088046615556 0.8934965250319321 0.9095831188134097 0.923975742696109 0.9367508837549693 0.948097225599227 0.9589536525601762 0.9640488019432719 0.968041577001947 0.9717970626902783 0.9731663997555401 0.9763233653687544 0.9819375037600834 0.985397007059519 0.9864317949517731 0.9866389898531583 0.9880582576809405 0.993782929900195 0.9989295121615984 0.9999543297538593 0.9999995458143528 0.9999999960540673 1.0 1.0
1.0 0.1314296 4.096669e-05 4.828905e-05 7.141552e-05 0.0001561595 0.0003907284 0.0009177135 0.001873711 0.003435162 0.005545427 0.008428251 0.01238233 0.017287 0.02297835 0.02939748 0.03635708 0.04377366 0.05144241 0.05894165 0.07325758 0.08600342 0.0987213 0.1105825 0.1215474 0.1319299 0.1419999 0.1519207 0.1619997 0.1658559 0.191218 0.2201096 0.2563404 0.2920524 0.3367079 0.374366 0.4041134 0.4306411 0.4565245 0.4819573 0.5451258 0.999968 0.999968 0.999968 0.999968 0.999968 0.999968 0.999968 0.999968 0.999968 0.999968 0.999968 0.999968 0.999968 0.999968 0.999968 0.999968 0.0
0.0 0.1454125 0.24235410000000002 0.3392958 0.4362375 0.5331791 0.6301208 0.7270624 0.8240041 0.9209457 1.017887 1.114829 1.211771 1.308712 1.405654 1.502596 1.599537 1.696479 1.79342 1.890362 2.035775 2.229658 2.423541 2.617424 2.811308 3.005192 3.199076 3.392959 3.586842 3.780725 4.12002 4.604728 5.089437 5.574146 6.058854 6.543562 7.02827 7.512978 7.997686 8.482395 8.967103 9.451812 9.93652 10.42123 10.90594 11.39064 11.87535 12.36006 12.84477 13.32948 13.81419 14.29889 14.7836 15.26831 15.75302 16.23773 16.72244 17.20714 17.69185 18.17656 18.66127 18.79518
9.649250360166497e-09 2.1199285428463803e-08 1.6442287621025158e-06 6.676827758694003e-05 0.000584439932506363 0.0022267898284042387 0.005038365263616319 0.008944193145480917 0.013919221009042956 0.020016588865209777 0.027724208644386465 0.037152571028268876 0.048202674696076295 0.061039768134717225 0.07585787679364088 0.09288451638709175 0.11242519734424296 0.13472926598908164 0.16003844660960653 0.1886408851263354 0.22402234871776255 0.2666528766699052 0.3149942734533102 0.3680158750015657 0.4240267429306904 0.4787822683992222 0.5337654936095341 0.5876276889934273 0.6395338639417205 0.6886845149461226 0.7322033740259672 0.7694976253155322 0.8014425532142511 0.8286398508564279 0.8521186524079178 0.8722081474230313 0.8895704971882472 0.9044678173411781 0.917427486851911 0.9288587335193337 0.9390590309880061 0.9481757139002541 0.9562707473486538 0.9636831210404552 0.9710321782732997 0.973512961741302 0.9753052103049654 0.9766865001122348 0.977371332217757 0.980026697939405 0.9846878462409446 0.98693873646881 0.9874441661725941 0.9876204692210314 0.9893782557446448 0.9949838113853241 0.9992138600780387 0.9999679013690075 0.999999671388347 0.999999996199694 0.9999999999999999 0.9999999999999999
0.9963921 0.01437395 0.0001220623 0.0001310099 0.0002118447 0.0004335136 0.001071031 0.002438673 0.004920755 0.008847145 0.01370424 0.01998634 0.02821635 0.03777735 0.04833965 0.05945498 0.07048438 0.0812527 0.09145299 0.100621 0.1171605 0.1290112 0.1407062 0.149588 0.1572841 0.1270797 0.1359001 0.1453748 0.155245 0.1665471 0.1892579 0.2176782 0.2492584 0.2798397 0.3202964 0.3659512 0.4136689 0.4636273 0.5141631 0.557036 0.5910683 0.620469 0.6467512 0.6780211 0.7308118 0.999978 0.999978 0.999978 0.999978 0.999978 0.999978 0.999978 0.999978 0.999978 0.999978 0.999978 0.999978 0.999978 0.999978 0.999978 0.999978 0.0
0.0 0.1454125 0.24235410000000002 0.3392958 0.4362375 0.5331791 0.6301208 0.7270624 0.8240041 0.9209457 1.017887 1.114829 1.211771 1.308712 1.405654 1.502596 1.599537 1.696479 1.79342 1.890362 2.035775 2.229658 2.423541 2.617424 2.811308 3.005192 3.199076 3.392959 3.586842 3.780725 4.12002 4.604728 5.089437 5.574146 6.058854 6.543562 7.02827 7.512978 7.997686 8.482395 8.967103 9.451812 9.93652 10.42123 10.90594 11.39064 11.87535 12.36006 12.84477 13.32948 13.81419 14.29889 14.7836 15.26831 15.75302 16.23773 16.72244 17.20714 17.69185 18.17656 18.66127 19.14598 19.63069 20.11539 20.6001 20.6747
1.2936941804384099e-08 2.8519305346724834e-08 1.807851412907616e-06 3.7468447396045336e-05 0.0005306406395129801 0.0018884015486258696 0.004276251407023703 0.007368296058412798 0.01127131144287183 0.01605605449045266 0.022140737032230493 0.02949278153177415 0.03810953263889818 0.04821914665977999 0.060043793716406994 0.07380848270974774 0.08988997638618407 0.10859001802622187 0.1301117331843451 0.15486120118699861 0.18591834582721395 0.22414642086797384 0.2683742480065311 0.31773819788760704 0.3708594391654416 0.42607293334160834 0.4821377700553096 0.5377227221006236 0.5920844078883459 0.6439754242606248 0.6907489519267743 0.7310219668828467 0.7655589304717118 0.7954708388817155 0.8212525276838797 0.843528088607267 0.8628078758813295 0.8795406262180024 0.8940835424485953 0.9067560847460249 0.9178955903118685 0.927692752304457 0.9364711187384396 0.944407375217605 0.9516317358059276 0.9581977675348902 0.9641229165210623 0.9697525820983278 0.9754545564714885 0.9765146526248101 0.977349955333209 0.9779018422093612 0.978401492058378 0.9813293679376095 0.985654924655036 0.9873913990612152 0.9876992694458113 0.9879297716024761 0.9901236894740936 0.995778906973758 0.9994009036200578 0.9999769783489137 0.9999997627966362 0.9999999946133659 0.9999999999999999 0.9999999999999999
0.0138443 0.01550015 9.875465e-05 0.0002124164 0.0001986931 0.0004718172 0.00114179 0.002806172 0.005746565 0.01038731 0.01608091 0.01948722 0.02782921 0.03732437 0.04768108 0.05856517 0.0689995 0.07897859 0.08865762 0.09695308 0.1131101 0.1246665 0.1362017 0.1453231 0.1530703 0.1603982 0.1667845 0.1734809 0.1798324 0.1886956 0.204264 0.2170327 0.2384695 0.2731647 0.3134254 0.3571714 0.4041172 0.4489644 0.5021979 0.5554309 0.6075974 0.6595525 0.7028705 0.7383482 0.7652742 0.7880846 0.8075036 0.8317761 0.864262 0.9999738 0.9999738 0.9999738 0.9999738 0.9999738 0.9999738 0.9999738 0.9999738 0.9999738 0.9999738 0.9999738 0.9999738 0.9999738 0.9999738 0.9999738 0.9999738 0.0
0.0 0.1454125 0.24235410000000002 0.3392958 0.4362375 0.5331791 0.6301208 0.7270624 0.8240041 0.9209457 1.017887 1.114829 1.211771 1.308712 1.405654 1.502596 1.599537 1.696479 1.79342 1.890362 2.035775 2.229658 2.423541 2.617424 2.811308 3.005192 3.199076 3.392959 3.586842 3.780725 4.12002 4.604728 5.089437 5.574146 6.058854 6.543562 7.02827 7.512978 7.997686 8.482395 8.967103 9.451812 9.93652 10.42123 10.90594 11.39064 11.87535 12.36006 12.84477 13.32948 13.81419 14.29889 14.7836 15.26831 15.75302 16.23773 16.72244 17.20714 17.69185 18.17656 18.66127 19.14598 19.63069 20.11539 20.6001 21.08481 21.56952 22.05423 22.53893 22.55422
1.3631881602701126e-06 2.7709165332635646e-06 5.642337806043378e-06 9.982359572883708e-05 0.0006822966172999501 0.002551063010494939 0.005686716649957724 0.009887079979438098 0.015036057992138236 0.02112394404689488 0.028354133279554838 0.03681697647781842 0.0462878849271146 0.05691295625075228 0.06890529520781256 0.08255644098928933 0.09808537601623993 0.11581078229006316 0.13601461760757239 0.15902278356410074 0.18772333244249484 0.22271778673398818 0.2636333815972013 0.3096230299387899 0.3592313618191785 0.41084292972655084 0.46346813339361725 0.5159040948338878 0.5673451180997465 0.6168760354165105 0.6619986167889347 0.7019755153371336 0.7370792028900126 0.7679179026523822 0.7948239515288323 0.8180177871910771 0.8382396282533924 0.8558865971132318 0.8712711372794246 0.8847626229786031 0.8966517107087396 0.9071825336778567 0.9166328270702061 0.9251661276604096 0.9329521958053031 0.9400793843050049 0.9466547554731995 0.952745095772404 0.9583760808340821 0.9635481251661057 0.9682742484905387 0.9728631905840064 0.9772999814499987 0.9777258319268105 0.9781558116773607 0.9784180815431067 0.9789786927038385 0.9823471685559527 0.9863794951656456 0.9877989329386979 0.9880160318837005 0.9883452877125145 0.9909644213040735 0.9965138646158384 0.9995537281700642 0.9999840639798938 0.9999998386584472 0.9999999955705511 1.0 1.0
0.001100581 1.391653e-05 7.646921e-05 5.230727e-05 0.000110223 0.0002261684 0.0005805276 0.001399591 0.002973432 0.005654102 0.009466179 0.01468169 0.0220999 0.03109545 0.04139789 0.05219472 0.06348139 0.07440059 0.08466415 0.09394085 0.1118164 0.1255232 0.1369371 0.1463807 0.1550874 0.1574012 0.1647943 0.1693619 0.1770324 0.1861385 0.2034504 0.2254805 0.2513305 0.2803622 0.314956 0.3461657 0.391865 0.4402555 0.4921415 0.5442661 0.5969688 0.6474427 0.6963531 0.7418603 0.7814217 0.8172876 0.8462128 0.8672916 0.8833314 0.8966703 0.9077841 0.9219117 0.9348488 0.9348488 0.9348488 0.9348488 0.9348488 0.9348488 0.9348488 0.9348488 0.9348488 0.9348488 0.9348488 0.9348488 0.9348488 0.9348488 0.9348488 0.9348488 0.9348488 0.0
0.0 0.1454125 0.24235410000000002 0.3392958 0.4362375 0.5331791 0.6301208 0.7270624 0.8240041 0.9209457 1.017887 1.114829 1.211771 1.308712 1.405654 1.502596 1.599537 1.696479 1.79342 1.890362 2.035775 2.229658 2.423541 2.617424 2.811308 3.005192 3.199076 3.392959 3.586842 3.780725 4.12002 4.604728 5.089437 5.574146 6.058854 6.543562 7.02827 7.512978 7.997686 8.482395 8.967103 9.451812 9.93652 10.42123 10.90594 11.39064 11.87535 12.36006 12.84477 13.32948 13.81419 14.29889 14.7836 15.26831 15.75302 16.23773 16.72244 17.20714 17.69185 18.17656 18.66127 19.14598 19.63069 20.11539 20.6001 21.08481 21.56952 22.05423 22.53893 23.02364 23.50835 23.99306 24.43373
3.982134901048301e-06 8.112217103323755e-06 1.5400202827517655e-05 0.0001060310763571244 0.0009331451522032613 0.0032641955600553997 0.007305869940339063 0.012679398081016606 0.019328588970537255 0.027162643868677238 0.036282604930483596 0.04682003176670598 0.05847948490642002 0.07139853228765052 0.0856603092996008 0.1014559800510459 0.11893716836024705 0.13835547330127673 0.15989486258501767 0.18386123779678382 0.21275179924699264 0.24697881335058589 0.28618564613365854 0.3297203955645549 0.37645596091876443 0.42488875312372765 0.4739483855722042 0.5226575076346333 0.570280845458192 0.6160439661460855 0.6578101453812096 0.6949275106859044 0.7275597025329814 0.7563278513340326 0.7816758344575343 0.8040005147759989 0.8236687312579609 0.8409718419675727 0.8561979156092933 0.8695103798671668 0.8813346792827069 0.8918604973095162 0.9013077777371399 0.909876837546744 0.9177223505289203 0.9249531404057181 0.9316802799582404 0.9379595050665083 0.9438382026068274 0.9493472358166474 0.9545118231202862 0.9593396633335589 0.9638236428097606 0.9679506691289065 0.9717497584037301 0.9754831402804679 0.9786535185438662 0.9789525479386179 0.979214849105523 0.9793825760092856 0.980123244352898 0.9837828121705976 0.9873844541572134 0.9885293969243177 0.9886945003199041 0.9891442137158618 0.9920759546965124 0.9972472064261255 0.9996832027762838 0.9999895840229438 0.9999999005839059 1.0 1.0
0.004590346 0.00104036 2.544562e-05 3.889539e-05 5.420697e-05 0.0001293236 0.000325614 0.0007987987 0.001709564 0.003274061 0.005597353 0.008773801 0.01341127 0.01929307 0.02644211 0.03454839 0.04346729 0.05266201 0.06201573 0.0707606 0.0878215 0.1028974 0.1160872 0.1272577 0.137195 0.1470191 0.1563252 0.1654623 0.1746106 0.1849341 0.2049173 0.2285038 0.2519399 0.282285 0.3166601 0.3547635 0.3958713 0.4405133 0.4875129 0.5350321 0.5853102 0.6373656 0.6874774 0.7333238 0.7747778 0.8115188 0.8437951 0.8716084 0.8951722 0.9142117 0.9287862 0.9392383 0.9472417 0.9537953 0.9591803 0.9662552 0.9679179 0.9679179 0.9679179 0.9679179 0.9679179 0.9679179 0.9679179 0.9679179 0.9679179 0.9679179 0.9679179 0.9679179 0.9679179 0.9679179 0.9679179 0.9679179 0.0
0.0 0.1454125 0.24235410000000002 0.3392958 0.4362375 0.5331791 0.6301208 0.7270624 0.8240041 0.9209457 1.017887 1.114829 1.211771 1.308712 1.405654 1.502596 1.599537 1.696479 1.79342 1.890362 2.035775 2.229658 2.423541 2.617424 2.811308 3.005192 3.199076 3.392959 3.586842 3.780725 4.12002 4.604728 5.089437 5.574146 6.058854 6.543562 7.02827 7.512978 7.997686 8.482395 8.967103 9.451812 9.93652 10.42123 10.90594 11.39064 11.87535 12.36006 12.84477 13.32948 13.81419 14.29889 14.7836 15.26831 15.75302 16.23773 16.72244 17.20714 17.69185 18.17656 18.66127 19.14598 19.63069 20.11539 20.6001 21.08481 21.56952 22.05423 22.53893 23.02364 23.50835 23.99306 24.47777 24.96248 25.44719 25.93189 26.31325
4.1377820216566186e-06 8.536602868681335e-06 1.6905502962062198e-05 0.00014764743483176838 0.0011398639696194653 0.004011997242063224 0.008865265594115311 0.015242732268918199 0.022941483589743787 0.032023877217679894 0.042611726429647966 0.054764051098950946 0.06818523477793768 0.0829644013388794 0.09921211318655587 0.11701191668884588 0.13648472749305768 0.15776035910897565 0.1810156968594964 0.20652650185762397 0.2363628096645672 0.2708520343129147 0.30971654971163126 0.35227877622553866 0.3974295457675899 0.4439801236646391 0.49086633950830566 0.5369917488934378 0.5818618711962411 0.6245609789637803 0.6633507790432394 0.6976063004476423 0.7276822375969472 0.7542662357787904 0.7776752163456223 0.7983580173436255 0.8165918494559561 0.8327196594839457 0.8469597718651567 0.8596251630296619 0.8709172854642363 0.8810747808281724 0.8902413308635302 0.8985512459430106 0.9061843744387186 0.9132424448018623 0.919817433565814 0.9259778539811443 0.9317815755608754 0.9372634315629084 0.9424610498072407 0.947389684187396 0.9520563211086157 0.9564704336135164 0.960631109547734 0.9645308483298406 0.9681563249532487 0.9714942231262211 0.9745888665789769 0.9776511576013063 0.979896889198798 0.9801409596290322 0.980342846115368 0.9804936333656283 0.9814783054542401 0.9852691986571378 0.9884050488285432 0.9893182585611364 0.9894534407093936 0.9900416614618289 0.9931983807955026 0.9978777704481198 0.999781040370964 0.9999934122750628 0.9999999389719345 0.9999999999999999 0.9999999999999999
0.003656593 3.389806e-06 1.60749e-05 2.204246e-05 3.715833e-05 8.440518e-05 0.0002147273 0.0005255505 0.001141779 0.002180173 0.003750273 0.005968029 0.009158186 0.01325642 0.01833103 0.02442344 0.03128214 0.03860202 0.04614617 0.0534486 0.06877984 0.08302069 0.09587417 0.1077501 0.1184076 0.1285964 0.1385194 0.1490998 0.1593946 0.1718979 0.1946042 0.2220663 0.2526753 0.2844386 0.3204439 0.3565261 0.3979027 0.4415027 0.4890055 0.536363 0.5854881 0.6328722 0.6803018 0.7247244 0.7663351 0.8046679 0.8381788 0.8672992 0.8915261 0.9120519 0.9285989 0.9426198 0.9538761 0.9626479 0.9691711 0.9738685 0.9774369 0.9803492 0.9827436 0.9860177 0.9843696 0.9843696 0.9843696 0.9843696 0.9843696 0.9843696 0.9843696 0.9843696 0.9843696 0.9843696 0.9843696 0.9843696 0.9843696 0.9843696 0.9843696 0.9843696 0.0
0.0 0.1454125 0.24235410000000002 0.3392958 0.4362375 0.5331791 0.6301208 0.7270624 0.8240041 0.9209457 1.017887 1.114829 1.211771 1.308712 1.405654 1.502596 1.599537 1.696479 1.79342 1.890362 2.035775 2.229658 2.423541 2.617424 2.811308 3.005192 3.199076 3.392959 3.586842 3.780725 4.12002 4.604728 5.089437 5.574146 6.058854 6.543562 7.02827 7.512978 7.997686 8.482395 8.967103 9.451812 9.93652 10.42123 10.90594 11.39064 11.87535 12.36006 12.84477 13.32948 13.81419 14.29889 14.7836 15.26831 15.75302 16.23773 16.72244 17.20714 17.69185 18.17656 18.66127 19.14598 19.87304 20.6001 21.08481 21.56952 22.05423 22.53893 23.02364 23.50835 23.99306 24.47777 24.96248 25.44719 25.93189 26.4166 26.90131 27.38602 27.87073 28.19277
2.4575100320967597e-06 5.086768540665073e-06 1.1150379431926737e-05 0.00015068956392101884 0.0010660231485824026 0.004060978589472179 0.009250020456803143 0.015998681530113527 0.024281644373840512 0.03406303661288831 0.045317647514634726 0.05818617499982689 0.07252539199963833 0.08835073006637528 0.10573922872317541 0.12474392221539697 0.14546434131574523 0.16803096353357255 0.1925378172304834 0.219253782281422 0.250074090363157 0.28514371328178734 0.3242131968652908 0.36643474299238266 0.41097309834696094 0.45660432252269034 0.5022836495376027 0.547038438829872 0.5903918147707627 0.6314913362191409 0.6683709005586145 0.7007655961100853 0.7291354596247114 0.75409169131417 0.7760902962887811 0.7955701062531493 0.8127848867548709 0.8280359697821595 0.8415764604779248 0.8535908914844716 0.864340209168915 0.8740206287036273 0.8827910221156225 0.8908256814487682 0.8982507238111666 0.9051549750751007 0.9116068923866452 0.9176609605743782 0.9233739225318109 0.928786740652694 0.9339263502198788 0.9388214831630288 0.943488144923239 0.9479459428868164 0.9522063375263582 0.9562760655464404 0.9601542992783072 0.9638417596877739 0.9673317360250332 0.9706114556597053 0.9736644228939408 0.9764806924368998 0.9790900222967936 0.9805827096319767 0.9809027907687908 0.9811288660381339 0.9813049339649969 0.9825816493573831 0.9864371726660746 0.9891712572970669 0.9899046251661116 0.990029089820566 0.9907840336009794 0.994145421359322 0.9983631953837387 0.9998489450090764 0.9999958579435358 0.9999999618251485 1.0 1.0
0.002301767 0.0006863744 1.545179e-05 1.429601e-05 3.190018e-05 6.576803e-05 0.0001613209 0.0003965883 0.0008439171 0.001668165 0.002950262 0.004730294 0.007114992 0.01030708 0.01429626 0.01899313 0.02419721 0.02986262 0.03612523 0.04235047 0.05532211 0.06855898 0.08023535 0.09142791 0.101963 0.1119915 0.122484 0.1330722 0.1439463 0.1565957 0.1817016 0.2110458 0.24367 0.2783914 0.3161713 0.3558894 0.3990647 0.4432194 0.4889794 0.5364016 0.5838939 0.6313194 0.6786819 0.7222807 0.7623981 0.7997903 0.8326383 0.8611628 0.8865831 0.9077853 0.925992 0.940239 0.952204 0.9616812 0.9696788 0.9755914 0.980599 0.9843721 0.9870656 0.9890658 0.9905966 0.9918318 0.9943122 0.994507 0.9999987 0.9999982 0.9999982 0.9999982 0.9999982 0.9999982 0.9999982 0.9999982 0.9999982 0.9999982 0.9999982 0.9999982 0.9999982 0.9999982 0.9999982 0.0
0.0 0.1454125 0.24235410000000002 0.3392958 0.4362375 0.5331791 0.6301208 0.7270624 0.8240041 0.9209457 1.017887 1.114829 1.211771 1.308712 1.405654 1.502596 1.599537 1.696479 1.79342 1.890362 2.035775 2.229658 2.423541 2.617424 2.811308 3.005192 3.199076 3.392959 3.586842 3.780725 4.12002 4.604728 5.089437 5.574146 6.058854 6.543562 7.02827 7.512978 7.997686 8.482395 8.967103 9.451812 9.93652 10.42123 10.90594 11.39064 11.87535 12.36006 12.84477 13.32948 13.81419 14.29889 14.7836 15.26831 15.75302 16.23773 16.72244 17.20714 17.69185 18.17656 18.66127 19.14598 19.87304 20.84246 21.81187 22.78129 23.75071 24.47777 24.96248 25.44719 25.93189 26.4166 26.90131 27.38602 27.87073 28.35543 28.84014 29.32485 29.80956 30.29427 30.77898 31.26368 31.74839 32.2331 32.71781 32.89157
7.609043836465822e-08 2.127569245811373e-07 3.874379225556853e-06 0.00016300965440262997 0.001042492899208262 0.003945181209594089 0.00881721459655496 0.015250595535069557 0.023113475509983623 0.03235257773531089 0.04300779508285911 0.05525859042853944 0.06893834326495885 0.08410208593821146 0.10088782927698284 0.11935111444224586 0.13961472649815707 0.161782344658953 0.18599266412420873 0.21249964005339678 0.24314175152649317 0.2780249689124516 0.3168200800581572 0.3588291159220688 0.4029524412610095 0.44813904092021434 0.49344960097619034 0.5379138620391358 0.5809026492195342 0.6216076312310952 0.6582654520888327 0.6901168469237093 0.7177513506731106 0.7418196542522142 0.7629299997278945 0.7814776023622719 0.7978727097728313 0.8123888114446528 0.8252695225857257 0.8367855773444184 0.8471227020780436 0.8564775314207886 0.865006741673469 0.8728496826512933 0.8801244202348059 0.8869364873906962 0.8933487004400454 0.8994134435111577 0.9051795568813399 0.9106825564242325 0.9159540511483545 0.9210152892820626 0.9258834515102092 0.930571891991717 0.9350874306312761 0.9394349175356255 0.9436092556294008 0.947617330278856 0.9514686423372527 0.9551720201890658 0.9587373038974765 0.9621748691202748 0.9653940456411764 0.9684251481150613 0.9712576092602903 0.97382547506403 0.9760508075840669 0.9780921957890765 0.9799761528024239 0.9810900577737524 0.9813681301633717 0.9815743427169336 0.9819515373033227 0.984143953368889 0.9880311800213576 0.9900279695608127 0.9904672681274527 0.990642220999202 0.9919865060406218 0.9958557664694776 0.9991276663286026 0.9999395587239388 0.9999986895590035 0.9999999847785204 1.0 1.0
0.001412255 4.506139e-05 2.4032e-05 1.72353e-05 2.833397e-05 5.042742e-05 0.0001164374 0.0003262707 0.0006427985 0.001447417 0.002389834 0.004075147 0.005908886 0.008302038 0.01123387 0.01451952 0.01905935 0.02317664 0.02845504 0.03274311 0.04174564 0.05087579 0.0605464 0.06991621 0.07912089 0.08812184 0.0971352 0.1065039 0.1158195 0.1272955 0.1508627 0.1810324 0.2146182 0.2516696 0.2914774 0.3348236 0.3804706 0.4275224 0.4762914 0.5246165 0.5736973 0.6215265 0.6679629 0.7120119 0.7532218 0.7902209 0.8235033 0.8526914 0.8779436 0.8995948 0.9179026 0.9333529 0.9462545 0.9567186 0.9654112 0.9722208 0.977864 0.9824263 0.9860831 0.9890191 0.9913271 0.9933031 0.9957321 0.9973141 0.9982499 0.9987654 0.9990819 0.9991801 0.9993 0.9993 0.9993 0.9993 0.9993 0.9993 0.9993 0.9993 0.9993 0.9993 0.9993 0.9993 0.9993 0.9993 0.9993 0.9993 0.9993 0.0
0.0 0.1454125 0.24235410000000002 0.3392958 0.4362375 0.5331791 0.6301208 0.7270624 0.8240041 0.9209457 1.017887 1.114829 1.211771 1.308712 1.405654 1.502596 1.599537 1.696479 1.79342 1.890362 2.035775 2.229658 2.423541 2.617424 2.811308 3.005192 3.199076 3.392959 3.586842 3.780725 4.12002 4.604728 5.089437 5.574146 6.058854 6.543562 7.02827 7.512978 7.997686 8.482395 8.967103 9.451812 9.93652 10.42123 10.90594 11.39064 11.87535 12.36006 12.84477 13.32948 13.81419 14.29889 14.7836 15.26831 15.75302 16.23773 16.72244 17.20714 17.69185 18.17656 18.66127 19.14598 19.87304 20.84246 21.81187 22.78129 23.75071 24.72012 25.68954 26.65895 27.62837 28.59779 29.32485 29.80956 30.29427 30.77898 31.26368 31.74839 32.2331 32.71781 33.20252 33.68722 34.17193 34.65664 35.14135 35.62606 36.11077 36.59548 37.08018 37.56489 37.59036
3.383254417025676e-07 8.631053273131812e-07 5.902755645571012e-06 0.0002736872224360793 0.0010782160280680192 0.0038128531314021176 0.008778064201553505 0.015264900624902317 0.023230387610693747 0.032585755838814456 0.04324305352824299 0.05544316471608819 0.06890140378023499 0.08375715342321763 0.10018026433274588 0.11816904589967875 0.13795895555258686 0.15947518075192935 0.1830797432328609 0.2087599387463988 0.23845182017921196 0.2722205963003013 0.3097541553648088 0.35038489186524413 0.39315545209973846 0.43716620371136367 0.4813262410462211 0.5247463900776524 0.5669940646491868 0.6073384156632066 0.6437152340390194 0.6755342257017494 0.7033721660232511 0.7277039865999023 0.749085910179293 0.7679316084568663 0.7844803581570254 0.799110180100701 0.8120412946388227 0.8235404724897071 0.833835538660365 0.8430869930423267 0.8515104098964376 0.8592400229714795 0.8663976332519313 0.8731045357735511 0.8794247176242814 0.885423865756366 0.8911485274521385 0.8966352575066925 0.9019235199202673 0.9070291626110331 0.9119777452445608 0.9167816573944089 0.9214518787648341 0.9260001078774837 0.9304142482388505 0.9347022438608654 0.9388688241300485 0.9429185672653144 0.9468574520997202 0.9506856637364564 0.9542982239860178 0.9576734233291985 0.960799834729031 0.9637016672148054 0.9664136760700972 0.9689795169568974 0.971423210407747 0.9737282251651974 0.9758187975678131 0.9776445823242944 0.979209809042547 0.9805569416285193 0.9813920772467196 0.9816518560005161 0.9818624361772784 0.9826176784818608 0.985657608437016 0.989145986041046 0.9905210223159931 0.9907772480140455 0.9911248714975182 0.9932160331452907 0.9972307732672111 0.9995660958955771 0.9999776231705567 0.9999996126583387 0.9999999929158232 1.0 1.0
0.0004760256 2.035893e-05 2.154173e-05 4.790996e-06 4.719138e-05 4.44656e-05 0.0001589506 0.000340445 0.0006574402 0.001383365 0.002055574 0.003609895 0.004958075 0.007753558 0.01024804 0.01386088 0.01777235 0.02138608 0.02582066 0.02959355 0.03754408 0.04554137 0.05340472 0.06098023 0.06845468 0.07649165 0.08558758 0.09463302 0.1030636 0.1124808 0.1340634 0.1601519 0.1908648 0.2253125 0.2626228 0.3030961 0.3472342 0.3939351 0.4435505 0.4942558 0.5452678 0.5968768 0.6457233 0.6929176 0.7369528 0.776033 0.8118466 0.8421937 0.8688359 0.8919407 0.9110131 0.9275253 0.9409282 0.9522434 0.961683 0.9691743 0.9753879 0.9802538 0.9842457 0.987512 0.9900407 0.9923551 0.9950433 0.9969032 0.9980832 0.9988078 0.9992588 0.9995309 0.9997006 0.9998006 0.9998573 0.9998937 0.9998982 0.9999046 0.9999046 0.9999046 0.9999046 0.9999046 0.9999046 0.9999046 0.9999046 0.9999046 0.9999046 0.9999046 0.9999046 0.9999046 0.9999046 0.9999046 0.9999046 0.9999046 0.0
0.0 0.1454125 0.24235410000000002 0.3392958 0.4362375 0.5331791 0.6301208 0.7270624 0.8240041 0.9209457 1.017887 1.114829 1.211771 1.308712 1.405654 1.502596 1.599537 1.696479 1.79342 1.890362 2.035775 2.229658 2.423541 2.617424 2.811308 3.005192 3.199076 3.392959 3.586842 3.780725 4.12002 4.604728 5.089437 5.574146 6.058854 6.543562 7.02827 7.512978 7.997686 8.482395 8.967103 9.451812 9.93652 10.42123 10.90594 11.39064 11.87535 12.36006 12.84477 13.32948 13.81419 14.29889 14.7836 15.26831 15.75302 16.23773 16.72244 17.20714 17.69185 18.17656 18.66127 19.14598 19.87304 20.84246 21.81187 22.78129 23.75071 24.72012 25.68954 26.65895 27.62837 28.59779 29.56721 30.53662 31.50604 32.47546 33.44487 34.17193 34.65664 35.14135 35.62606 36.11077 36.59548 37.08018 37.56489 38.0496 38.53431 39.01902 39.50372 39.98843 40.47314 40.95785 41.44256 41.92726 42.28916
2.2953123533694454e-06 4.9266135164218265e-06 2.169001439913172e-05 0.00012526221154777225 0.0009723023526848996 0.004047392390698891 0.008853219593163167 0.015149972286418468 0.02300980856913856 0.03236912580320094 0.043054107073724646 0.05514376179065483 0.06865778865733381 0.08358442588789859 0.09999673730480685 0.11806022104978828 0.13780493326680826 0.15942410554921013 0.18302279554426473 0.2087213919310977 0.23833505669181598 0.2721262540621729 0.3094517939223041 0.3497963920232941 0.39228948054969826 0.4357889323424954 0.4794278403513604 0.5223308083378891 0.5640488876418003 0.6038642211581161 0.639677738790538 0.6711264977682736 0.6985814219612426 0.7225685222913276 0.7436865358288448 0.7621897027113561 0.7784857248749064 0.7928553798483434 0.8055304098429029 0.8167927821360967 0.8268317235704603 0.8358686978124066 0.8440653907586095 0.8515647395078328 0.8585001221437129 0.86495978835229 0.8710406695134362 0.8767987090610101 0.8822760973130161 0.8875219611061944 0.8925674926840299 0.8974401004474404 0.9021644945609837 0.9067537938182827 0.9112284574781917 0.9156029487187652 0.9198746134852918 0.9240536198684742 0.9281441493457123 0.9321570390440933 0.9360986164067763 0.9399681650598974 0.9437228477398927 0.9473549011000425 0.9508365411954214 0.9541666319265093 0.9573402344162267 0.9603323626802992 0.9631032911055138 0.9656485611324217 0.967998320424116 0.970193812233418 0.9722827615764934 0.9742872031035305 0.9761878774030012 0.977905911396903 0.9794147443407932 0.9806289491247722 0.9815933726462216 0.9822133784463 0.9824422851424842 0.9827052388477806 0.9840215149152092 0.987491522613837 0.9902435510767885 0.9911037406231188 0.9912713648488668 0.9919394756272834 0.9947160356347017 0.9983401867915241 0.9998079670948461 0.9999925466591789 0.9999998520315584 1.0 1.0
0.004612277 0.0003321368 4.197907e-05 2.213293e-05 4.886711e-05 4.862185e-05 7.968815e-05 0.0003871926 0.0006360634 0.0009438506 0.00265216 0.003514622 0.005041742 0.008228812 0.01000406 0.01315231 0.01662341 0.01893151 0.02269821 0.02560108 0.03393476 0.04175765 0.04933345 0.05514727 0.06217639 0.06983955 0.07770956 0.08516192 0.09339228 0.1028321 0.1225612 0.147634 0.1759986 0.2076612 0.2436441 0.2822566 0.3237222 0.3686935 0.4170561 0.4674407 0.5191329 0.5699913 0.6205032 0.6689774 0.7142978 0.7568445 0.7944957 0.8276024 0.8569785 0.881853 0.9031016 0.9212095 0.9359064 0.9483238 0.9583557 0.9665253 0.9731959 0.978435 0.9827746 0.9862117 0.9889953 0.9915072 0.9944592 0.9965427 0.9978315 0.9986474 0.9991605 0.9994788 0.999675 0.9997983 0.9998747 0.999921 0.9999496 0.999967 0.9999776 0.9999839 0.999988 0.9999872 0.9999859 0.9999859 0.9999859 0.9999859 0.9999859 0.9999859 0.9999859 0.9999859 0.9999859 0.9999859 0.9999859 0.9999859 0.9999859 0.9999859 0.9999859 0.9999859 0.0
0.0 0.1454125 0.24235410000000002 0.3392958 0.4362375 0.5331791 0.6301208 0.7270624 0.8240041 0.9209457 1.017887 1.114829 1.211771 1.308712 1.405654 1.502596 1.599537 1.696479 1.79342 1.890362 2.035775 2.229658 2.423541 2.617424 2.811308 3.005192 3.199076 3.392959 3.586842 3.780725 4.12002 4.604728 5.089437 5.574146 6.058854 6.543562 7.02827 7.512978 7.997686 8.482395 8.967103 9.451812 9.93652 10.42123 10.90594 11.39064 11.87535 12.36006 12.84477 13.32948 13.81419 14.29889 14.7836 15.26831 15.75302 16.23773 16.72244 17.20714 17.69185 18.17656 18.66127 19.14598 19.87304 20.84246 21.81187 22.78129 23.75071 24.72012 25.68954 26.65895 27.62837 28.59779 29.56721 30.53662 31.50604 32.47546 33.44487 34.41429 35.3837 36.35312 37.32254 38.29196 39.01902 39.50372 39.98843 40.47314 40.95785 41.44256 41.92726 42.41198 42.89668 43.38139 43.8661 44.35081 44.83552 45.32022 45.80493 46.28964 46.77435 46.98795
1.8887169663354357e-07 8.309526339447488e-07 2.8164907688848116e-05 0.00018524825876431548 0.0015417347850681315 0.0043340053563745125 0.008443116115657633 0.01426777941450038 0.02181716285733276 0.030851285030020974 0.04114729890023208 0.05272679030276309 0.06575542817935934 0.08027768832362527 0.09635718228939813 0.11392970133734084 0.13330822231784628 0.1547236300572723 0.17791993857008928 0.20349688995568455 0.23307545871059132 0.2668948805740761 0.304289377642588 0.3448184529793247 0.3874807717623888 0.4310275706911649 0.4748468476093553 0.5177929747661822 0.5595795613640997 0.5994876606218925 0.6354567566030247 0.6668485613051167 0.6943121540339318 0.7182325322111436 0.7391636128261087 0.7575515580078032 0.7736459751550125 0.7877978414840981 0.8002401561808901 0.8112673284687807 0.8210733500223566 0.8298760902521086 0.8378425609601496 0.8451214548798806 0.851848746307571 0.8581046388698645 0.8639842303225738 0.8695464096120427 0.8748400620204853 0.8799027521298567 0.8847668829025751 0.8894605381972819 0.8940030603681126 0.8984133172488322 0.9026990819350281 0.906878286131844 0.9109568145374757 0.9149403581683354 0.9188323839283515 0.9226415590773465 0.9263787717595956 0.9300441801485556 0.933608189667672 0.9370873020049192 0.9404751482576417 0.9437893857484567 0.9470385461599378 0.9502244045856324 0.9533229657893543 0.9563062201571458 0.959164953923752 0.9618864160489407 0.9644355017094103 0.9667696286737955 0.9688983980709187 0.9708600620530673 0.9727048129316924 0.9744857556694699 0.976227565971253 0.9779004284632542 0.9794123410701708 0.9806817750591552 0.9817003139882954 0.9824959526226122 0.983015977236633 0.9832378213201292 0.9836777672322568 0.9856742819917672 0.9891286708493209 0.991116415697664 0.9916219580791091 0.9918082676885469 0.992951452466426 0.9961858414138676 0.9990955757905691 0.9999232103327556 0.9999978255943326 0.9999999616493928 1.0 1.0
0.00687215 3.710321e-05 3.081698e-05 6.298899e-05 1.803599e-05 2.851582e-05 0.0002204834 0.0002991893 0.0004165644 0.001527447 0.002588787 0.003280428 0.005382014 0.008590522 0.01011726 0.01255172 0.01743111 0.01927715 0.02154871 0.02683193 0.03177816 0.03903041 0.04520572 0.05083084 0.05848351 0.06493747 0.07162157 0.07899766 0.08632493 0.09576394 0.1154479 0.1386882 0.1666149 0.1963701 0.2285608 0.2661259 0.3059596 0.3511153 0.3982871 0.4483238 0.4995241 0.5517342 0.6029395 0.652231 0.6989377 0.7422343 0.781888 0.8165843 0.8472527 0.8737534 0.8963887 0.9154846 0.9313112 0.9445332 0.9553018 0.9642826 0.9713235 0.9771174 0.9817627 0.9854968 0.9884934 0.9911599 0.9942393 0.9963964 0.9977381 0.9985787 0.999117 0.999452 0.9996622 0.9997911 0.9998711 0.9999208 0.9999513 0.99997 0.9999813 0.9999884 0.9999928 0.9999953 0.9999969 0.9999979 0.9999985 0.9999988 0.9999988 0.9999988 0.9999988 0.9999988 0.9999988 0.9999988 0.9999988 0.9999988 0.9999988 0.9999988 0.9999988 0.9999988 0.9999988 0.9999988 0.9999988 0.9999988 0.9999988 0.0
0.0 0.1454125 0.24235410000000002 0.3392958 0.4362375 0.5331791 0.6301208 0.7270624 0.8240041 0.9209457 1.017887 1.114829 1.211771 1.308712 1.405654 1.502596 1.599537 1.696479 1.79342 1.890362 2.035775 2.229658 2.423541 2.617424 2.811308 3.005192 3.199076 3.392959 3.586842 3.780725 4.12002 4.604728 5.089437 5.574146 6.058854 6.543562 7.02827 7.512978 7.997686 8.482395 8.967103 9.451812 9.93652 10.42123 10.90594 11.39064 11.87535 12.36006 12.84477 13.32948 13.81419 14.29889 14.7836 15.26831 15.75302 16.23773 16.72244 17.20714 17.69185 18.17656 18.66127 19.14598 19.87304 20.84246 21.81187 22.78129 23.75071 24.72012 25.68954 26.65895 27.62837 28.59779 29.56721 30.53662 31.50604 32.47546 33.44487 34.41429 35.3837 36.35312 37.32254 38.29196 39.74608 41.68491 42.89668 43.38139 43.8661 44.35081 44.83552 45.32022 45.80493 46.28964 46.77435 47.25906 47.74377 48.22847 48.71318 49.19789 49.6826 50.16731 50.65202 51.13672 51.62143 51.68674
1.8892343422974197e-09 1.1991671658386362e-06 5.937732498271028e-05 0.0002633265840260639 0.001007982997680721 0.0035353114545293766 0.007758784749886794 0.01347719881952493 0.020616140432747825 0.029178168949694067 0.039180773331310634 0.050523318478815055 0.06310970273367031 0.07716481581472032 0.09278903490073356 0.10992827614878158 0.12889057210887686 0.14981294444177218 0.17283362174161887 0.19802712635911884 0.2275728295056131 0.26122312466102765 0.29870220935709507 0.33918933581604066 0.3818916314615989 0.4257027517005306 0.4695890655435338 0.5128984982886337 0.5548704504279789 0.5951326243414106 0.6311627606923543 0.6626921200529254 0.6902572388788425 0.7142575228450659 0.7351988324589867 0.753526049984694 0.7695600080795603 0.7835792339053338 0.7958928479054191 0.8067370386792723 0.8163577792535451 0.8249570672925088 0.832718971712797 0.8397834538019879 0.8462874922341658 0.8523323933614824 0.8579986679082973 0.863357931665155 0.868463772474957 0.8733440357792114 0.8780402004068306 0.8825789577725932 0.8869755053173222 0.8912488497620468 0.8954125451341673 0.8994727352206834 0.9034412149022335 0.9073213503656667 0.9111166301445053 0.9148364087992555 0.9184802597698944 0.922047736656398 0.9255012823367323 0.9288523378781838 0.9320943722830654 0.9352430188108901 0.938313415382478 0.9413242787241756 0.9442825270443576 0.9471812236173149 0.9500341086357916 0.952845698014699 0.9556120485538235 0.9583025071208385 0.9608949841892149 0.9633814300091831 0.9657444706918027 0.9679429309601773 0.9699412211590465 0.9717638922977396 0.973466413381927 0.9751260837011274 0.9768924158501033 0.9785348435550367 0.9799401977964665 0.9811149493907432 0.9820942098491011 0.9828809859237031 0.9835063278775639 0.9839881710716545 0.9848551245585979 0.9874222361856007 0.9904767634016626 0.9918291812135593 0.9921257604616184 0.9924331511875962 0.9941453717176421 0.9974743949379006 0.9995551372052344 0.9999722758731547 0.999999269219683 0.9999999374838259 1.0 1.0
0.005955319 4.34751e-05 1.339588e-05 0.0001926706 8.609079e-05 5.574871e-05 0.0001987031 0.0006901933 0.0008084659 0.001040093 0.002360099 0.003991646 0.004909946 0.005951955 0.01079497 0.01339298 0.01509293 0.01731201 0.02472202 0.02661955 0.03156849 0.03645927 0.04135665 0.04633082 0.05375778 0.05958603 0.06797606 0.07421292 0.08359714 0.09073694 0.1065618 0.1323501 0.1596879 0.1863445 0.219941 0.2556979 0.292871 0.3375901 0.3841565 0.4322405 0.4846615 0.5368457 0.5878555 0.6391815 0.6862087 0.7312194 0.7719655 0.8076192 0.839615 0.867608 0.8909555 0.9111205 0.9278162 0.9415745 0.9531501 0.962442 0.9699161 0.9761209 0.981032 0.9849045 0.988134 0.9910322 0.9941707 0.9964184 0.9977923 0.9986484 0.9991771 0.9994993 0.999694 0.9998142 0.9998872 0.9999318 0.9999591 0.9999754 0.9999854 0.9999913 0.9999949 0.999997 0.9999982 0.999999 0.9999995 0.9999996 0.9999999 0.9999999 0.9999999 1.0 1.0 1.0 1.0 1.0 1.0 1.0 1.0 1.0 1.0 1.0 1.0 1.0 1.0 1.0 1.0 1.0 1.0 0.0
0.0 0.1454125 0.24235410000000002 0.3392958 0.4362375 0.5331791 0.6301208 0.7270624 0.8240041 0.9209457 1.017887 1.114829 1.211771 1.308712 1.405654 1.502596 1.599537 1.696479 1.79342 1.890362 2.035775 2.229658 2.423541 2.617424 2.811308 3.005192 3.199076 3.392959 3.586842 3.780725 4.12002 4.604728 5.089437 5.574146 6.058854 6.543562 7.02827 7.512978 7.997686 8.482395 8.967103 9.451812 9.93652 10.42123 10.90594 11.39064 11.87535 12.36006 12.84477 13.32948 13.81419 14.29889 14.7836 15.26831 15.75302 16.23773 16.72244 17.20714 17.69185 18.17656 18.66127 19.14598 19.87304 20.84246 21.81187 22.78129 23.75071 24.72012 25.68954 26.65895 27.62837 28.59779 29.56721 30.53662 31.50604 32.47546 33.44487 34.41429 35.3837 36.35312 37.32254 38.29196 39.74608 41.68491 43.62374 45.56258 47.50141 48.71318 49.19789 49.6826 50.16731 50.65202 51.13672 51.62143 52.10614 52.59085 53.07556 53.56026 54.04497 54.52968 55.01439 55.4991 55.98381 56.38554
2.1584890712537293e-08 6.616683816184475e-06 9.646554297075857e-05 0.0004945472326425004 0.0012646674791422373 0.0033091484849961843 0.00684526650797859 0.012317151311936206 0.019259264907035032 0.02754998590018011 0.03700245033050269 0.04768107709869588 0.05965442038873854 0.073282443052349 0.08838500943793899 0.10512376505748715 0.12342153942364383 0.14392973117247848 0.16640315529048755 0.19118843325642812 0.22023469356169537 0.2538741892704167 0.29145638947809727 0.33230268402881685 0.375547544572563 0.4200418707923678 0.4648158031746654 0.5088438592561201 0.5517610833388824 0.5929164394715646 0.6297074447410822 0.6619143020616451 0.6900595756575129 0.7146300087088765 0.7361122155920218 0.7548267993967699 0.7711560297775472 0.7854079480538004 0.7978711461552278 0.8088306400083582 0.8185218051924094 0.8271345630662201 0.8348655158438396 0.8418796714970985 0.8483013088470392 0.854239185844077 0.8597712017345011 0.8649744354870966 0.8699056794555136 0.874603910379508 0.8791084744626709 0.8834443020398932 0.8876378724825094 0.8917096215470192 0.8956693654468616 0.8995341130767317 0.9033134569380217 0.9070172844252763 0.910654581305701 0.9142258966906827 0.917739918064698 0.9211957471899842 0.9245621755581243 0.9278404356191203 0.9310274791268589 0.9341215509586468 0.9371284239021594 0.9400511631513931 0.9428949933995088 0.9456563450835326 0.9483459058770124 0.9509801511553077 0.9535733795077731 0.9561277700931171 0.9586486211583102 0.9611458868725534 0.96362314696755 0.9660722671377023 0.9684554254719554 0.9707603398399927 0.9729813177871011 0.975092875799511 0.9768335622862694 0.978311494228882 0.9798345539756598 0.9814444987359322 0.9825599941139234 0.9835052791981271 0.9842407776327111 0.9847260595664887 0.9850572028832819 0.9862631386015205 0.9891630473584827 0.9915965592069349 0.9924263187123563 0.9926088853681844 0.993172021805842 0.9954357758689649 0.998474071542127 0.9998020150651775 0.9999908927734233 0.9999998494919584 1.0 1.0
0.0004166783 1.623063e-05 7.303421e-05 3.819747e-05 5.492396e-05 5.850778e-05 0.0005784853 0.0008205318 0.000898911 0.001104743 0.002474145 0.005070088 0.00595765 0.006922067 0.008890339 0.01462941 0.01623669 0.01759008 0.01918867 0.02445496 0.02748473 0.03278167 0.03744071 0.04439143 0.05094579 0.05753559 0.06458801 0.07100061 0.07796387 0.08438919 0.09852879 0.121341 0.1476516 0.1757876 0.2056334 0.2366922 0.2735757 0.3155313 0.3605657 0.4080288 0.457392 0.5081043 0.5604566 0.6116153 0.6601394 0.7056296 0.7475681 0.7860842 0.8204321 0.850186 0.8757365 0.8975881 0.9163384 0.9319233 0.9448206 0.9553738 0.9640301 0.9712439 0.9769863 0.9816418 0.9853805 0.9888876 0.9926904 0.9954486 0.9971889 0.9982709 0.998944 0.9993586 0.999612 0.9997656 0.9998589 0.9999154 0.9999497 0.9999699 0.999982 0.9999893 0.9999937 0.9999963 0.9999979 0.9999988 0.9999993 0.9999996 0.9999999 1.0 1.0 1.0 1.0 1.0 1.0 1.0 1.0 1.0 1.0 1.0 1.0 1.0 1.0 1.0 1.0 1.0 1.0 1.0 1.0 0.0
0.0 0.1454125 0.24235410000000002 0.3392958 0.4362375 0.5331791 0.6301208 0.7270624 0.8240041 0.9209457 1.017887 1.114829 1.211771 1.308712 1.405654 1.502596 1.599537 1.696479 1.79342 1.890362 2.035775 2.229658 2.423541 2.617424 2.811308 3.005192 3.199076 3.392959 3.586842 3.780725 4.12002 4.604728 5.089437 5.574146 6.058854 6.543562 7.02827 7.512978 7.997686 8.482395 8.967103 9.451812 9.93652 10.42123 10.90594 11.39064 11.87535 12.36006 12.84477 13.32948 13.81419 14.29889 14.7836 15.26831 15.75302 16.23773 16.72244 17.20714 17.69185 18.17656 18.66127 19.14598 19.87304 20.84246 21.81187 22.78129 23.75071 24.72012 25.68954 26.65895 27.62837 28.59779 29.56721 30.53662 31.50604 32.47546 33.44487 34.41429 35.3837 36.35312 37.32254 38.29196 39.74608 41.68491 43.62374 45.56258 47.50141 49.44024 51.37908 53.31791 55.25674 56.46851 56.95322 57.43793 57.92264 58.40735 58.89206 59.37676 59.86147 60.34618 60.83089 61.3156 61.8003 62.28502 62.76972 63.25443 63.73914 64.22385 64.70856 65.19326 65.67797 65.78314
3.442488220636891e-08 1.5972673061870977e-07 0.00011080180217145429 0.0007346865926265167 0.0017856735769491753 0.0042836471959535865 0.007908491431142717 0.0125141177799967 0.018555192377671843 0.0258984908541722 0.034608151252709475 0.044574268296915596 0.05578576190540563 0.06866919940789665 0.08301114085945988 0.09877895708857475 0.11606935209556307 0.13505555794840404 0.15690963654292142 0.18120518560924762 0.20926574281826021 0.24249358992477102 0.2800260574291051 0.32048970690716816 0.36421023304917843 0.4089912862836198 0.4542492220065744 0.49908017950614414 0.5428662730394243 0.5849297387691798 0.6227951355018153 0.6561096074220949 0.6853579423317482 0.7109628901124843 0.7333139077231818 0.7528027594487007 0.7698033198957471 0.7846010864133246 0.7975011949606126 0.8087758573246876 0.8186720838143322 0.8274136042757297 0.8352188982470854 0.8422378751908389 0.8486109764555109 0.8544499932140477 0.8598469726718687 0.8648831137391803 0.8696168019478445 0.8741005017466122 0.8783669336167081 0.8824467179161655 0.8863647751703432 0.8901469987041386 0.8938068075321228 0.8973576206688669 0.9008103060762896 0.9041736059561633 0.9074557792712115 0.9106673856375065 0.9138108935777759 0.9168871775580307 0.9198614745692072 0.9227460187068716 0.9255496311908095 0.9282880359032346 0.9309715859598118 0.9336101965408181 0.9362170534698887 0.9387956173848033 0.9413484719989933 0.9438777630905016 0.9463770694799927 0.9488334037668422 0.9512368693839052 0.9535800281022201 0.955859652474943 0.9580810732328295 0.9602350796850879 0.9623328442763804 0.9643903448001363 0.9664235014544329 0.9684543191755434 0.9705383265551689 0.972649309279684 0.9746750737110623 0.9765047487972209 0.9779078786787061 0.9790743155455746 0.9803122433451619 0.9815907077366332 0.9827427190750399 0.9837685498847292 0.9846741697131932 0.9854868942095644 0.9861711856370595 0.9866854159016413 0.9870484000701938 0.9876861590189752 0.9897222105420787 0.9921818460259177 0.9933365608339441 0.9935977571588109 0.9938541495396758 0.9952085070451708 0.9978665244501814 0.9995981855929574 0.9999722621345859 0.9999992217812299 0.9999999864192266 0.9999999999999999 0.9999999999999999
0.001470759 0.003724911 0.0001224172 0.0001635011 0.0001413714 0.0001021934 0.0001371761 0.0002722063 0.001816818 0.002023545 0.002259737 0.002650601 0.003253762 0.007995317 0.01008826 0.01124601 0.01251269 0.01378167 0.01907556 0.02289833 0.02572166 0.03055879 0.03539808 0.0383268 0.04536552 0.04943792 0.0547511 0.06162543 0.06597193 0.07208315 0.08502796 0.1047311 0.1293246 0.1549322 0.1812685 0.2100219 0.242158 0.2782902 0.3180365 0.3613992 0.4078714 0.4566893 0.5060947 0.5562126 0.6052849 0.6526031 0.697393 0.7386428 0.7758811 0.8096363 0.839536 0.8655345 0.887978 0.907055 0.9231744 0.936792 0.9481707 0.9576434 0.9654419 0.971842 0.9771515 0.9821406 0.987807 0.9920446 0.9948487 0.9966721 0.9978607 0.9986355 0.999131 0.9994493 0.9996535 0.9997826 0.9998645 0.9999158 0.9999478 0.9999679 0.9999803 0.999988 0.9999927 0.9999955 0.9999973 0.9999986 0.9999994 0.9999998 0.9999999 1.0 1.0 1.0 1.0 1.0 1.0 1.0 1.0 1.0 1.0 1.0 1.0 1.0 1.0 1.0 1.0 1.0 1.0 1.0 1.0 1.0 1.0 1.0 1.0 1.0 1.0 0.0
0.0 0.1454125 0.24235410000000002 0.3392958 0.4362375 0.5331791 0.6301208 0.7270624 0.8240041 0.9209457 1.017887 1.114829 1.211771 1.308712 1.405654 1.502596 1.599537 1.696479 1.79342 1.890362 2.035775 2.229658 2.423541 2.617424 2.811308 3.005192 3.199076 3.392959 3.586842 3.780725 4.12002 4.604728 5.089437 5.574146 6.058854 6.543562 7.02827 7.512978 7.997686 8.482395 8.967103 9.451812 9.93652 10.42123 10.90594 11.39064 11.87535 12.36006 12.84477 13.32948 13.81419 14.29889 14.7836 15.26831 15.75302 16.23773 16.72244 17.20714 17.69185 18.17656 18.66127 19.14598 19.87304 20.84246 21.81187 22.78129 23.75071 24.72012 25.68954 26.65895 27.62837 28.59779 29.56721 30.53662 31.50604 32.47546 33.44487 34.41429 35.3837 36.35312 37.32254 38.29196 39.74608 41.68491 43.62374 45.56258 47.50141 49.44024 51.37908 53.31791 55.25674 57.19558 59.13441 61.07324 63.01208 64.95091 66.16268 66.64738 67.1321 67.61681 68.10152 68.58622 69.07093 69.55564 70.04034 70.52506 71.00977 71.49447 71.97918 72.46389 72.94859 73.4333 73.91802 74.40272 74.88743 75.18072
2.9772967568990005e-06 1.0469101078243007e-05 0.0002337971711123675 0.0008424828018824593 0.0019226038449834239 0.0036670603596809462 0.006997127935933091 0.011509667775978344 0.01734503016515825 0.02435692596641266 0.032492104088659574 0.041950162422294615 0.05247860877103352 0.06471311542104975 0.07890197603579659 0.09447470190276058 0.11159141749594445 0.1302582097869804 0.15061316906126299 0.1742487249418199 0.2025614968505583 0.2350341066143039 0.272065634689341 0.313132799729296 0.35632049414070815 0.40124598471615264 0.4470583567889151 0.49249523947484525 0.5369686940219726 0.5797761058717326 0.6187869628750355 0.6532154114065387 0.6834443684720997 0.7098649607409144 0.7330011903375248 0.7532497195074601 0.7709562298563982 0.7863917808262415 0.7998011991374534 0.8115023119233933 0.8217526964703237 0.8307949955408573 0.8388142400986066 0.8459861342376842 0.8524360140737949 0.858308128941782 0.8637123939084369 0.8687214489975719 0.8733941457466373 0.877776786945172 0.8819254563424598 0.8858747116477849 0.889650338700122 0.8932781197345553 0.8967720627143986 0.90014946775725 0.9034241885798955 0.9066115892897729 0.9097168872396542 0.9127455502527247 0.9157055703173161 0.9186009430672047 0.9213950807213951 0.9240963533163676 0.9267171686879025 0.929258957580664 0.931736022756237 0.9341499268616906 0.9365054691984589 0.9388074649250963 0.9410551085719995 0.9432581962352552 0.9454161098475841 0.9475349853935339 0.9496244387746492 0.9516884850857171 0.9537401253629506 0.9557861734827643 0.9578346762126305 0.9598890576092384 0.9619497104966895 0.9640071995283704 0.9660212793344699 0.9679334187634331 0.9697192692079533 0.9713981907696337 0.9730313230962205 0.9746709031439129 0.9763752270905826 0.9780904787550635 0.979735708982818 0.9811782163864277 0.9822577658524412 0.9831812682865505 0.9842043678479705 0.9852203363905813 0.9861113681285929 0.9868797850488749 0.9875424349807246 0.9881160450230965 0.9885848535593925 0.9889360631732329 0.9893552136976165 0.9906105472641195 0.9927586323453439 0.9941413771478983 0.9945467972085628 0.9946847170299205 0.9953972985089975 0.9974051879117976 0.9993190031500024 0.9999314425934736 0.9999974175815625 0.9999999101658129 1.0 1.0
0.0001173524 0.002676609 0.0002435392 0.0001312208 0.0001350178 0.000170149 0.000201566 0.001055146 0.002518619 0.002588459 0.002807794 0.003104666 0.003664174 0.005556251 0.01150776 0.01258261 0.01359316 0.01473643 0.01589083 0.01934229 0.0255471 0.02751455 0.03061667 0.03681916 0.03945188 0.04296957 0.04979046 0.05338556 0.05758373 0.06524464 0.07782827 0.09553105 0.115199 0.1354692 0.1576924 0.1831298 0.2127589 0.2450892 0.2804025 0.319504 0.3620455 0.4074855 0.4545314 0.5020766 0.5509133 0.598438 0.6434266 0.6867135 0.7271391 0.7644674 0.798527 0.8278354 0.8541274 0.8769493 0.896687 0.9140971 0.9284306 0.9404348 0.9505671 0.9591155 0.9663386 0.9732739 0.9811966 0.9873244 0.9914597 0.994315 0.9961937 0.9974641 0.9983268 0.9988886 0.9992698 0.9995211 0.9996858 0.9997967 0.9998678 0.9999146 0.9999454 0.999965 0.9999778 0.9999859 0.9999911 0.9999949 0.9999978 0.9999991 0.9999996 0.9999999 1.0 1.0 1.0 1.0 1.0 1.0 1.0 1.0 1.0 1.0 1.0 1.0 1.0 1.0 1.0 1.0 1.0 1.0 1.0 1.0 1.0 1.0 1.0 1.0 1.0 1.0 1.0 1.0 1.0 0.0
0.0 0.1454125 0.24235410000000002 0.3392958 0.4362375 0.5331791 0.6301208 0.7270624 0.8240041 0.9209457 1.017887 1.114829 1.211771 1.308712 1.405654 1.502596 1.599537 1.696479 1.79342 1.890362 2.035775 2.229658 2.423541 2.617424 2.811308 3.005192 3.199076 3.392959 3.586842 3.780725 4.12002 4.604728 5.089437 5.574146 6.058854 6.543562 7.02827 7.512978 7.997686 8.482395 8.967103 9.451812 9.93652 10.42123 10.90594 11.39064 11.87535 12.36006 12.84477 13.32948 13.81419 14.29889 14.7836 15.26831 15.75302 16.23773 16.72244 17.20714 17.69185 18.17656 18.66127 19.14598 19.87304 20.84246 21.81187 22.78129 23.75071 24.72012 25.68954 26.65895 27.62837 28.59779 29.56721 30.53662 31.50604 32.47546 33.44487 34.41429 35.3837 36.35312 37.32254 38.29196 39.74608 41.68491 43.62374 45.56258 47.50141 49.44024 51.37908 53.31791 55.25674 57.19558 59.13441 61.07324 63.01208 64.95091 66.88974 68.82858 70.76741 72.70625 74.64507 76.58391 78.52274 80.46157 82.40041 84.33924 85.55101 86.03572 86.52043 87.00514 87.48985 87.97455 88.45926 88.94397 89.42868 89.91338 90.3981 90.88281 91.3675 91.85222 92.33693 92.82163 93.30634 93.79106 93.9759
6.372775298297132e-06 0.00018685374633644364 0.0006496776606889002 0.001369137253917299 0.0030358329417956883 0.0052379875844869575 0.008262891038754714 0.012495624021776426 0.017730399722724378 0.024090616003817174 0.031744209035232195 0.04070926350245225 0.05075576644874303 0.06225029751657822 0.07505398173495925 0.089182041814939 0.10475156056927493 0.12223817944250832 0.14243582510607744 0.1656907964660054 0.19273166990700857 0.2236909305277635 0.2587563911914493 0.2989571804916428 0.3414978677097549 0.38556176131891423 0.4307102122970152 0.4764007174910043 0.5213910677639951 0.56524328749963 0.6054447502055718 0.6414855754961251 0.6732187663787391 0.701273182811391 0.7261684471162667 0.7479972610768952 0.7672431038324986 0.7840640424178995 0.7987508347294651 0.811663928676217 0.8229133587574147 0.8328108819053405 0.8415815765090515 0.8493246689055483 0.8562807370395259 0.8625590110644893 0.8682444298921472 0.873475748776921 0.8782729341992453 0.8827258558973634 0.886901499037508 0.8908017341912021 0.89450420541533 0.8980166897980549 0.9013679769315708 0.904588938354176 0.9076805939014648 0.9106695763966652 0.9135658784328522 0.9163713185796601 0.9191089261913353 0.921771082055951 0.9243271967173944 0.9267892074148953 0.9291730054017691 0.9314886322800645 0.9337363925788255 0.9359263615703883 0.9380637042768419 0.9401519916192235 0.9421905202626403 0.9441841881115677 0.9461368736090012 0.9480509086094013 0.9499218808086599 0.9517556667942731 0.9535544678548089 0.9553199420648654 0.9570502880640657 0.9587484583625017 0.9604159120059612 0.9620508165825803 0.9636345243648479 0.9651667177297195 0.9666510817030951 0.9680913888536219 0.9694954802430092 0.9708742564397495 0.9722500299950811 0.9736541558029845 0.9751037783996951 0.9765720786530611 0.9779967568044002 0.9793222404184547 0.9805389843428579 0.9816791137729429 0.9827862631565089 0.9839157984177171 0.9850794345719012 0.9862347470569227 0.9873246093667032 0.9882143179047398 0.9888763314982733 0.9894952478721492 0.9902025513692793 0.9908261101275605 0.991343548744551 0.991769514543503 0.9921048754696035 0.9923272475157813 0.9925228546763817 0.992938760541684 0.9940856419867379 0.9954481423406578 0.9961242641587307 0.9962948232442973 0.9964521465398828 0.9972266188933693 0.9987381080243974 0.9997494830236511 0.999981286491447 0.9999994554274712 0.9999999738451453 1.0 1.0
0.0004025087 0.0004375093 0.0003459697 0.0003434704 0.0002406206 0.0003317146 0.0004165515 0.0005057073 0.0007006497 0.003679017 0.005197558 0.00544029 0.005749478 0.00599238 0.006467176 0.007066712 0.007696617 0.01307075 0.01668246 0.0169674 0.01845831 0.02011189 0.0251883 0.02931019 0.03127358 0.03365621 0.03846893 0.04345543 0.04649096 0.05058602 0.06392069 0.07697696 0.09240612 0.108564 0.1255528 0.1463425 0.167073 0.1919331 0.2213389 0.2509207 0.2860138 0.3219858 0.3598821 0.4038045 0.4445346 0.4879412 0.5337329 0.5744302 0.6189531 0.6585817 0.6951168 0.7338327 0.7648408 0.795565 0.8236036 0.8459727 0.8695454 0.8874575 0.903298 0.9189979 0.9301768 0.942582 0.9578837 0.9698218 0.9785343 0.9848166 0.9893178 0.9924341 0.9946592 0.996242 0.9973829 0.9981587 0.9987092 0.9990977 0.9993766 0.999565 0.9996975 0.9997902 0.9998564 0.9999011 0.9999321 0.9999568 0.9999783 0.9999902 0.9999956 0.9999981 0.9999992 0.9999997 0.9999999 1.0 1.0 1.0 1.0 1.0 1.0 1.0 1.0 1.0 1.0 1.0 1.0 1.0 1.0 1.0 1.0 1.0 1.0 1.0 1.0 1.0 1.0 1.0 1.0 1.0 1.0 1.0 1.0 1.0 1.0 1.0 1.0 1.0 1.0 1.0 0.0
0.0 0.1454125 0.24235410000000002 0.3392958 0.4362375 0.5331791 0.6301208 0.7270624 0.8240041 0.9209457 1.017887 1.114829 1.211771 1.308712 1.405654 1.502596 1.599537 1.696479 1.79342 1.890362 2.035775 2.229658 2.423541 2.617424 2.811308 3.005192 3.199076 3.392959 3.586842 3.780725 4.12002 4.604728 5.089437 5.574146 6.058854 6.543562 7.02827 7.512978 7.997686 8.482395 8.967103 9.451812 9.93652 10.42123 10.90594 11.39064 11.87535 12.36006 12.84477 13.32948 13.81419 14.29889 14.7836 15.26831 15.75302 16.23773 16.72244 17.20714 17.69185 18.17656 18.66127 19.14598 19.87304 20.84246 21.81187 22.78129 23.75071 24.72012 25.68954 26.65895 27.62837 28.59779 29.56721 30.53662 31.50604 32.47546 33.44487 34.41429 35.3837 36.35312 37.32254 38.29196 39.74608 41.68491 43.62374 45.56258 47.50141 49.44024 51.37908 53.31791 55.25674 57.19558 59.13441 61.07324 63.01208 64.95091 66.88974 68.82858 70.76741 72.70625 74.64507 76.58391 78.52274 80.46157 82.40041 84.33924 86.27808 88.2169 90.15574 92.09458 94.03341 95.97224 97.91107 99.8499 101.7887 103.7276 104.9393 105.424 105.9088 106.3935 106.8782 107.3629 107.8476 108.3323 108.817 109.3017 109.7864 110.2711 110.7558 111.2405 111.7253 112.21 112.6947 112.7711
0.00021099699018856363 0.0006275673838999397 0.0014296248943377755 0.002549035714013571 0.003967635675581736 0.005732350192617399 0.008295461606900065 0.012027419048405045 0.016670076182647913 0.022637549014907804 0.02953236821109555 0.0375255483544494 0.047105993309084715 0.05814561624178437 0.07049663826729144 0.08430718840308941 0.10078253335365707 0.11919550619849661 0.13918547074423343 0.16079634357585823 0.18604562121137136 0.2154049856264689 0.248924886642633 0.28716240387038255 0.3278947094026676 0.3705509338058915 0.4143888352357794 0.4589659773765717 0.5036546616409736 0.5475450829048482 0.5884427970571393 0.6252456301722574 0.6582656539494688 0.6875782583980873 0.7138642698612819 0.7370169210955884 0.7577170192061411 0.7758192516236967 0.7919221097516824 0.8059300729015599 0.8184259996499805 0.8293075282633633 0.8390496919830016 0.8476111097968422 0.8553414483710293 0.8622187878891364 0.8684897791905561 0.8741509440386642 0.8793618465386076 0.8841255070617915 0.888559927863786 0.8926596376476003 0.8965165788273692 0.9001254024600006 0.9035508302951972 0.9067863075498688 0.9098861697436909 0.9128382295818541 0.9156881381505332 0.9184203003294997 0.9210748689746893 0.9236295160385846 0.9260643274622287 0.9283908629957481 0.9306276019254927 0.9327872009543118 0.9348800055275992 0.9369169543917304 0.9389015100081417 0.9408381429112731 0.9427304136765364 0.9445812314794977 0.9463929987658964 0.948167787856801 0.9499074144379006 0.9516133952358298 0.9532869191611157 0.9549282697823862 0.9565385144257911 0.9581208031270876 0.959674832694853 0.9611986096839602 0.96267300687106 0.9640960519728631 0.965472916557784 0.9668048272428977 0.9680941018265923 0.9693429642256475 0.9705535048448841 0.9717268510331196 0.9728674152259305 0.9739766364282915 0.9750570786854311 0.9761113626023994 0.9771420957023824 0.9781522602654772 0.9791459570711021 0.980134982881968 0.981137402597163 0.98217478205328 0.983247367112399 0.984325545822408 0.9853561688808341 0.9863130333152659 0.9871908205787056 0.9880195854828175 0.9888273605370872 0.9896492540000624 0.9904804317384522 0.9912834969371334 0.9920200216223373 0.9925809573044767 0.9930192770656295 0.9934661562130598 0.9939506507196845 0.9942900958333767 0.9945811992293992 0.9948102211035642 0.9949656086314371 0.9950902914868428 0.99550314355326 0.9963987856364517 0.9971746805743504 0.9974671475622532 0.9975405926062864 0.9977408062934178 0.9984830731471376 0.999468494904634 0.9999230346373733 0.9999957990397483 0.9999999102846576 0.9999999942948454 1.0 1.0
7.176938e-05 0.0001124336 0.0001575084 0.0002501604 0.0004133162 0.0009213424 0.001543356 0.005801638 0.005482448 0.00494192 0.00498077 0.005046577 0.004980461 0.005141073 0.005482364 0.006450575 0.00750053 0.01445652 0.01536366 0.01618677 0.0172103 0.01823421 0.01997991 0.02563208 0.02856027 0.03020076 0.03206893 0.03470494 0.04059459 0.04460347 0.05217498 0.06508815 0.07611661 0.0912785 0.1042274 0.1217705 0.1373887 0.1587872 0.1784077 0.2052209 0.228911 0.2613126 0.2897382 0.3267183 0.3589801 0.3991547 0.4343042 0.4752983 0.5122961 0.5528923 0.5891625 0.6280663 0.6620304 0.697853 0.7278906 0.7597331 0.784869 0.8123087 0.8326421 0.8555669 0.8715016 0.8914128 0.9159305 0.9368197 0.9527788 0.9648468 0.9739165 0.980716 0.9857665 0.9895126 0.9922853 0.9943333 0.995843 0.9969549 0.9977723 0.9983723 0.9988123 0.9991339 0.9993694 0.9995421 0.9996686 0.9997741 0.9998735 0.9999344 0.9999663 0.9999829 0.9999914 0.9999957 0.9999979 0.999999 0.9999995 0.9999998 0.9999999 0.9999999 1.0 1.0 1.0 1.0 1.0 1.0 1.0 1.0 1.0 1.0 1.0 1.0 1.0 1.0 1.0 1.0 1.0 1.0 1.0 1.0 1.0 1.0 1.0 1.0 1.0 1.0 1.0 1.0 1.0 1.0 1.0 1.0 1.0 1.0 1.0 1.0 1.0 1.0 1.0 0.0
0.0 0.1454125 0.24235410000000002 0.3392958 0.4362375 0.5331791 0.6301208 0.7270624 0.8240041 0.9209457 1.017887 1.114829 1.211771 1.308712 1.405654 1.502596 1.599537 1.696479 1.79342 1.890362 2.035775 2.229658 2.423541 2.617424 2.811308 3.005192 3.199076 3.392959 3.586842 3.780725 4.12002 4.604728 5.089437 5.574146 6.058854 6.543562 7.02827 7.512978 7.997686 8.482395 8.967103 9.451812 9.93652 10.42123 10.90594 11.39064 11.87535 12.36006 12.84477 13.32948 13.81419 14.29889 14.7836 15.26831 15.75302 16.23773 16.72244 17.20714 17.69185 18.17656 18.66127 19.14598 19.87304 20.84246 21.81187 22.78129 23.75071 24.72012 25.68954 26.65895 27.62837 28.59779 29.56721 30.53662 31.50604 32.47546 33.44487 34.41429 35.3837 36.35312 37.32254 38.29196 39.74608 41.68491 43.62374 45.56258 47.50141 49.44024 51.37908 53.31791 55.25674 57.19558 59.13441 61.07324 63.01208 64.95091 66.88974 68.82858 70.76741 72.70625 74.64507 76.58391 78.52274 80.46157 82.40041 84.33924 86.27808 88.2169 90.15574 92.09458 94.03341 95.97224 97.91107 99.8499 101.7887 103.7276 105.6664 107.6052 109.5441 111.4829 113.4217 115.3606 117.2994 119.2382 121.1771 122.3888 122.8736 123.3583 123.843 124.3277 124.8124 125.2971 125.7818 126.2665 126.7512 127.2359 127.7206 128.2053 128.69 129.1748 129.6595 130.1442 130.6289 131.1136 131.5663
0.00013633719821008394 0.00042112291411473 0.00113049852041993 0.002179485515724233 0.003870032244700411 0.006691472109283523 0.010209854461397955 0.0146006883202971 0.02004812000173324 0.026608452636852173 0.034070931180094584 0.04268235454633277 0.052470200949828474 0.06364549555963214 0.07597633148638101 0.08948254127508863 0.10431907402398546 0.12127238449033831 0.1407831537034678 0.1620394374271133 0.18664964879813908 0.2149314452124173 0.24671434742839554 0.2813898807507791 0.31953087923336976 0.36036341167032165 0.40250279372756914 0.44529192065175227 0.4885503577804799 0.5316220182170251 0.5721702946150049 0.6094937897981847 0.6430361355012202 0.673153796861539 0.7003834935966321 0.7245836496784953 0.7464356496560224 0.7656465230715283 0.7828261226415956 0.7980074190914718 0.8114703817177703 0.8234521280528488 0.8339939752463468 0.8434930126598538 0.8519319993679373 0.8595548529682315 0.8664350979431482 0.8726625483960632 0.8783751591342662 0.8835613109328069 0.8883640361376415 0.8927834443640996 0.8968944224565484 0.9007357401826611 0.9043172163355977 0.9077108803229694 0.9108916466765691 0.9139276922166514 0.916812598965661 0.9195723457567426 0.9222199959968157 0.9247516379845425 0.9271319395672868 0.9293820839075174 0.9315242438375376 0.9335766937987454 0.9355557958365188 0.9374694700499134 0.939324917774609 0.941131122769843 0.9428947543454622 0.9446176516901064 0.9463017546036281 0.947948942597449 0.9495614776621942 0.9511462499043039 0.9527012514058271 0.954227146513959 0.9557246876596414 0.9571970587767193 0.9586426066311305 0.9600588617460898 0.9614330159618022 0.9627618963059555 0.9640487434774766 0.9652929706428678 0.9664998299423563 0.9676689169736721 0.9687998218537786 0.9698980026431294 0.9709620222064553 0.9719954293400561 0.9729973811803427 0.973973192896357 0.9749227364730529 0.975845833002553 0.9767475709850566 0.9776269842397287 0.9784864201005588 0.9793273125709495 0.9801514988821238 0.9809589269667999 0.9817529350032512 0.9825337876342025 0.9833019616863381 0.9840613625972624 0.9848145279618589 0.9855704716835805 0.9863432765919136 0.9871425211092592 0.9879612701085958 0.9887654931193274 0.9895232615448055 0.9902177408192846 0.990854569477029 0.9914546409828505 0.9920417931476142 0.9926331032567243 0.9932180427577608 0.9937716541975624 0.9942533928230809 0.9946095901859171 0.9949098058254136 0.9952341149143832 0.9955495310682457 0.9958248056968804 0.996061037302484 0.9962636029084629 0.9964358939348223 0.996576141268437 0.9966836014824815 0.9968283293426985 0.997226525427635 0.9978421775781268 0.9982302694785625 0.9983468602580897 0.9983964588458896 0.9986408685380572 0.9992590488878323 0.9998093158856275 0.999980551472955 0.9999992309429965 0.9999999732971576 1.0 1.0
0.002230268 0.005663751 0.002656132 0.002174427 0.00177247 0.002013223 0.002376482 0.002377247 0.002396262 0.002486615 0.002729551 0.002951825 0.00454687 0.009956878 0.01021177 0.01054076 0.01098664 0.01217579 0.01245969 0.0129892 0.01381639 0.01476329 0.0217013 0.02366937 0.02553573 0.02694122 0.02858811 0.03052287 0.03567843 0.03864451 0.04571138 0.05483394 0.06605148 0.0774342 0.08992298 0.103304 0.1158565 0.1329824 0.1490148 0.1693372 0.1904228 0.2129393 0.2411731 0.2648198 0.2967547 0.3255937 0.3572045 0.3920847 0.4211017 0.4610916 0.4919225 0.5289554 0.5636005 0.5950065 0.6327471 0.6588452 0.6954967 0.7205374 0.7486984 0.7748479 0.7950016 0.822772 0.8561946 0.8867403 0.9113429 0.9310866 0.947085 0.9593071 0.9686751 0.9760177 0.9816795 0.9860185 0.9894025 0.9919806 0.9938866 0.9953718 0.9964878 0.9973389 0.9979929 0.9985006 0.9988666 0.9991809 0.9995153 0.9997253 0.9998462 0.9999146 0.9999525 0.9999738 0.9999857 0.9999922 0.9999958 0.9999978 0.9999988 0.9999994 0.9999997 0.9999998 0.9999999 1.0 1.0 1.0 1.0 1.0 1.0 1.0 1.0 1.0 1.0 1.0 1.0 1.0 1.0 1.0 1.0 1.0 1.0 1.0 1.0 1.0 1.0 1.0 1.0 1.0 1.0 1.0 1.0 1.0 1.0 1.0 1.0 1.0 1.0 1.0 1.0 1.0 1.0 1.0 1.0 1.0 1.0 1.0 1.0 1.0 1.0 1.0 0.0
0.0 0.1454125 0.24235410000000002 0.3392958 0.4362375 0.5331791 0.6301208 0.7270624 0.8240041 0.9209457 1.017887 1.114829 1.211771 1.308712 1.405654 1.502596 1.599537 1.696479 1.79342 1.890362 2.035775 2.229658 2.423541 2.617424 2.811308 3.005192 3.199076 3.392959 3.586842 3.780725 4.12002 4.604728 5.089437 5.574146 6.058854 6.543562 7.02827 7.512978 7.997686 8.482395 8.967103 9.451812 9.93652 10.42123 10.90594 11.39064 11.87535 12.36006 12.84477 13.32948 13.81419 14.29889 14.7836 15.26831 15.75302 16.23773 16.72244 17.20714 17.69185 18.17656 18.66127 19.14598 19.87304 20.84246 21.81187 22.78129 23.75071 24.72012 25.68954 26.65895 27.62837 28.59779 29.56721 30.53662 31.50604 32.47546 33.44487 34.41429 35.3837 36.35312 37.32254 38.29196 39.74608 41.68491 43.62374 45.56258 47.50141 49.44024 51.37908 53.31791 55.25674 57.19558 59.13441 61.07324 63.01208 64.95091 66.88974 68.82858 70.76741 72.70625 74.64507 76.58391 78.52274 80.46157 82.40041 84.33924 86.27808 88.2169 90.15574 92.09458 94.03341 95.97224 97.91107 99.8499 101.7887 103.7276 105.6664 107.6052 109.5441 111.4829 113.4217 115.3606 117.2994 119.2382 121.1771 123.1159 125.0547 126.9936 128.9324 130.8712 132.8101 134.7489 136.6877 138.6266 140.5654 141.7772 142.2619 142.7466 143.2313 143.716 144.2007 144.6854 145.1701 145.6548 146.1395 146.6243 147.109 147.5937 148.0784 148.5631 149.0478 149.5325 150.0172 150.3614
0.0004301978045846347 0.0013525434379853631 0.0027398747824062156 0.004561118175410844 0.006962369195228991 0.010005602429625763 0.013715755015671882 0.01820069176859066 0.023700752206241498 0.030212580632979293 0.037736795099005516 0.04634126227067249 0.05600241700311954 0.06680009474256181 0.07890998418248409 0.09331241595076459 0.10963030414916931 0.12738168055264898 0.1468515019608178 0.16812835160735776 0.19224214676323317 0.21926715646098588 0.24888385667018295 0.28093002109852266 0.3166977629293568 0.3549808106057116 0.3949266233025807 0.4358461820155664 0.4772884685720154 0.5188447774669127 0.5589309192543948 0.5959547015308612 0.630045158123307 0.6607469563932499 0.688447324601204 0.7135935369618714 0.736033509545231 0.7562279393485647 0.7742861380584652 0.790329314827903 0.8047523443077051 0.8175557653108678 0.8289712238452693 0.8392701350721355 0.8484232485771245 0.856711523642842 0.8642536576028501 0.871028914080518 0.8772363488211778 0.8829125812992659 0.8880971112616317 0.8929081685423259 0.897332762201537 0.9014340086351588 0.9052787765169424 0.9088461028518502 0.9122033032114711 0.9153779537279989 0.9183593962049469 0.9211998340941067 0.9239073254230727 0.9264735130438004 0.928857568005321 0.9310806632812669 0.9331724684507963 0.9351598580006495 0.9370596555742593 0.9388815154327212 0.9406390659791635 0.9423437827418457 0.9439985055822065 0.9456094031166796 0.9471826336608622 0.9487197502639783 0.950221873340111 0.9516958410600792 0.9531406851452339 0.9545575180859377 0.9559506444433693 0.9573182084821802 0.95866074069546 0.9599783615237608 0.9612571335388539 0.962495014401772 0.9636932861704972 0.9648563076836939 0.9659834553445563 0.9670773673558352 0.9681374755867687 0.9691660731620785 0.9701662115065414 0.9711352401356396 0.9720782785652082 0.9729948216580637 0.9738859482287563 0.9747544236557516 0.9756006825551206 0.9764251096234952 0.9772292384969842 0.9780151230039493 0.9787816550120745 0.9795319996515258 0.980264123695615 0.9809814113653809 0.9816847318929659 0.9823731395823246 0.9830491660621669 0.983713071230526 0.9843653661673764 0.9850070298483896 0.985639766269666 0.9862626978791568 0.9868782025853934 0.9874860442615039 0.9880876032196051 0.9886849982625668 0.9892804642757653 0.9898822728310632 0.9904988904238484 0.9911326537593058 0.9917680672095637 0.9923786738679538 0.9929425832679494 0.9934550185946284 0.993925407094493 0.9943696611831143 0.9948056377570826 0.9952398703201618 0.995659238775896 0.9960501729605029 0.9963679735817202 0.9966077901340246 0.9968272237076337 0.9970642752776585 0.997265227169314 0.9974306693035934 0.9975647014135 0.9976661024536998 0.997728959743932 0.9977902671544285 0.9979404319593372 0.9983015380903753 0.9986773149899776 0.998850584571584 0.99889477001057 0.9989576015487105 0.999228814655063 0.9996787611445143 0.9999417945941619 0.9999959627324594 0.9999998855168972 0.9999999935112653 1.0 1.0
0.0005118943 0.00107728 0.00118698 0.00126814 0.003265959 0.007405372 0.006775764 0.006290403 0.005819028 0.005593178 0.005543626 0.00556086 0.00567028 0.005809659 0.006389654 0.007702132 0.007953566 0.008284964 0.01125923 0.01560694 0.01640541 0.01739741 0.01862561 0.01990154 0.02187934 0.02328668 0.02899609 0.03041782 0.03200477 0.03397722 0.04082976 0.05052098 0.05774445 0.06868573 0.07893876 0.08861242 0.1013334 0.1134378 0.1275602 0.14472 0.1603833 0.1807454 0.201724 0.2218252 0.2491626 0.2717295 0.2964675 0.3279996 0.353112 0.3835704 0.4161294 0.4425414 0.4781707 0.5098124 0.5368741 0.5747162 0.6018472 0.6293437 0.6643037 0.6877608 0.7139966 0.7442803 0.7851318 0.8233481 0.8575828 0.8856882 0.9079602 0.9264112 0.9424824 0.9543393 0.9638111 0.97171 0.9780341 0.9826664 0.9863871 0.9895471 0.9918317 0.9935915 0.9950287 0.9961969 0.9970192 0.9977906 0.9986097 0.999174 0.9995057 0.999707 0.9998273 0.9998977 0.9999404 0.9999648 0.9999799 0.9999882 0.9999933 0.9999962 0.9999978 0.9999988 0.9999993 0.9999996 0.9999998 0.9999999 0.9999999 1.0 1.0 1.0 1.0 1.0 1.0 1.0 1.0 1.0 1.0 1.0 1.0 1.0 1.0 1.0 1.0 1.0 1.0 1.0 1.0 1.0 1.0 1.0 1.0 1.0 1.0 1.0 1.0 1.0 1.0 1.0 1.0 1.0 1.0 1.0 1.0 1.0 1.0 1.0 1.0 1.0 1.0 1.0 1.0 1.0 1.0 1.0 1.0 1.0 1.0 1.0 1.0 0.0
0.0 0.1454125 0.24235410000000002 0.3392958 0.4362375 0.5331791 0.6301208 0.7270624 0.8240041 0.9209457 1.017887 1.114829 1.211771 1.308712 1.405654 1.502596 1.599537 1.696479 1.79342 1.890362 2.035775 2.229658 2.423541 2.617424 2.811308 3.005192 3.199076 3.392959 3.586842 3.780725 4.12002 4.604728 5.089437 5.574146 6.058854 6.543562 7.02827 7.512978 7.997686 8.482395 8.967103 9.451812 9.93652 10.42123 10.90594 11.39064 11.87535 12.36006 12.84477 13.32948 13.81419 14.29889 14.7836 15.26831 15.75302 16.23773 16.72244 17.20714 17.69185 18.17656 18.66127 19.14598 19.87304 20.84246 21.81187 22.78129 23.75071 24.72012 25.68954 26.65895 27.62837 28.59779 29.56721 30.53662 31.50604 32.47546 33.44487 34.41429 35.3837 36.35312 37.32254 38.29196 39.74608 41.68491 43.62374 45.56258 47.50141 49.44024 51.37908 53.31791 55.25674 57.19558 59.13441 61.07324 63.01208 64.95091 66.88974 68.82858 70.76741 72.70625 74.64507 76.58391 78.52274 80.46157 82.40041 84.33924 86.27808 88.2169 90.15574 92.09458 94.03341 95.97224 97.91107 99.8499 101.7887 103.7276 105.6664 107.6052 109.5441 111.4829 113.4217 115.3606 117.2994 119.2382 121.1771 123.1159 125.0547 126.9936 128.9324 130.8712 132.8101 134.7489 136.6877 138.6266 140.5654 142.5042 144.4431 146.3819 148.3207 150.2596 152.1984 154.1372 156.0761 158.0149 159.9537 161.8926 163.8314 165.7702 167.7091 169.6479 171.5867 173.5256 175.4644 177.4032 178.615 179.0997 179.5844 180.0691 180.5538 181.0385 181.5232 182.008 182.4927 182.9774 183.4621 183.9468 184.4315 184.9162 185.4009 185.8856 186.3703 186.855 187.3398 187.8245 187.9518
0.00047116779695726107 0.00168905275303002 0.0036064678090006845 0.006164576148096286 0.009748455913689042 0.014359912603259863 0.01974924370663964 0.026431146153149697 0.03410925490631064 0.04291603621642549 0.052901178730855425 0.06399689150115283 0.07621869754628856 0.08956006978384472 0.10397336248409908 0.11946009797563974 0.13625705356790582 0.15546471113197638 0.17585843225200076 0.1974040946820095 0.22083363873978681 0.24625178564553923 0.2734143002572885 0.3025168017986049 0.3335533113831166 0.36653254098971244 0.40106978319752606 0.43794715600990225 0.47538024185863653 0.513136432090553 0.5504943677547117 0.585926821993311 0.6185811330427595 0.6487048409967371 0.6763094185336446 0.7013440963894546 0.724005452144854 0.7447931645238182 0.7637012428084059 0.7805486048299063 0.7957644092151868 0.8095173820307136 0.8219326066275227 0.8330708972720094 0.8432317661980969 0.8525163693797644 0.8608663968994602 0.8684534222880045 0.8754292248607154 0.8818195777194664 0.8876446458022651 0.8930435368136697 0.8980487481307936 0.9026241264215978 0.9068626007755158 0.9108261607281632 0.9145173725469297 0.9179423141089835 0.9211712913600282 0.9242175288394977 0.9270619710162026 0.9297395340344151 0.9321770794707325 0.9344003185084822 0.9364447356016501 0.9383524783496873 0.9401340867089453 0.9418249690169805 0.94342564349653 0.9449618244860063 0.9464348923351653 0.9478547757026096 0.9492318003932855 0.9505633232346031 0.9518643935883743 0.9531287419060068 0.9543682612809988 0.9555784296875496 0.95676607275801 0.9579301453704218 0.9590707863485318 0.9601901845326677 0.9612745435242104 0.9623248555974419 0.9633432662102684 0.9643322970645017 0.9652935059834378 0.9662263924916937 0.9671333544539886 0.968015336423941 0.9688739325083265 0.9697102367329232 0.9705232781202741 0.9713159569824095 0.9720890889088424 0.9728422455967626 0.9735771489338947 0.9742944851512599 0.9749948726455492 0.9756790784968412 0.9763477597516197 0.9770018826547141 0.9776418719594634 0.9782677603998763 0.9788806991876493 0.9794799843444066 0.9800668400431893 0.9806418050147879 0.9812055844207347 0.9817586361427632 0.9823005480478746 0.9828322970293109 0.9833542056945291 0.9838666916979268 0.9843701001269431 0.9848648715103432 0.9853517429548965 0.9858310394343742 0.9863017174043608 0.9867651055500931 0.987221456672769 0.9876711095496572 0.9881143915208428 0.9885516413635944 0.9889833425947125 0.9894098560770618 0.9898310248451555 0.9902474996353074 0.9906596137033873 0.9910678545100516 0.9914726215679583 0.9918737717151187 0.9922720850463375 0.992667933072892 0.9930616431348672 0.9934548085502674 0.9938505958414326 0.9942531105629231 0.9946618830014363 0.9950668216170985 0.9954532402772768 0.9958091993509667 0.9961316029108586 0.9964252908575826 0.9966988556711773 0.9969621711906405 0.9972212557409085 0.9974719091148667 0.9977062325568253 0.9979080109010071 0.9980603344685149 0.9981896077726393 0.9983227354076682 0.9984451002584565 0.9985499378224281 0.9986379757410974 0.9987113310766045 0.9987699127258653 0.9988168327860016 0.9988556524410681 0.9989261378322395 0.9990961768085164 0.9992975654996813 0.9994004981809896 0.9994279703750972 0.9994544243837862 0.9995777006597991 0.9998078219227147 0.9999607709858548 0.9999968588498768 0.9999998953551016 0.999999994235076 0.9999999997579343 1.0 1.0
0.001904803 0.001567942 0.001679281 0.00190374 0.001944439 0.002043531 0.002321437 0.002397406 0.002601093 0.002776212 0.002972606 0.003173318 0.006583998 0.009122828 0.009146156 0.009312226 0.010473 0.01121424 0.01148841 0.01192691 0.01279398 0.01381641 0.0149281 0.01594109 0.01777011 0.02279639 0.02393473 0.02607831 0.02743838 0.02923468 0.03300902 0.04021162 0.04838439 0.05490481 0.06234713 0.07179665 0.08116227 0.08926414 0.09873822 0.1120231 0.1239633 0.1366789 0.1510503 0.1681471 0.1829294 0.1982908 0.2197329 0.2399032 0.2586906 0.2794057 0.3052922 0.325897 0.3472963 0.3769221 0.4035219 0.4266426 0.4515686 0.4841075 0.5076654 0.5315655 0.562901 0.5931233 0.6371167 0.6860871 0.7300212 0.7689453 0.8053755 0.8350379 0.8642542 0.8857526 0.9065132 0.9226125 0.9364825 0.9483228 0.9574135 0.9658991 0.9718781 0.9775187 0.9816269 0.9851817 0.9880825 0.9906523 0.9937285 0.9959224 0.9973621 0.9982986 0.9989052 0.9992965 0.999551 0.9997126 0.9998165 0.9998831 0.9999256 0.9999529 0.9999703 0.9999813 0.9999884 0.9999927 0.9999955 0.9999971 0.9999982 0.9999989 0.9999993 0.9999996 0.9999998 0.9999999 0.9999999 0.9999999 1.0 1.0 1.0 1.0 1.0 1.0 1.0 1.0 1.0 1.0 1.0 1.0 1.0 1.0 1.0 1.0 1.0 1.0 1.0 1.0 1.0 1.0 1.0 1.0 1.0 1.0 1.0 1.0 1.0 1.0 1.0 1.0 1.0 1.0 1.0 1.0 1.0 1.0 1.0 1.0 1.0 1.0 1.0 1.0 1.0 1.0 1.0 1.0 1.0 1.0 1.0 1.0 1.0 1.0 1.0 1.0 1.0 1.0 1.0 1.0 1.0 1.0 1.0 1.0 1.0 1.0 0.0
